10000

0
1
2
3
4
5
6
7
8
9
10
11
12
13
14
15
16
17
18
19
20
21
22
23
24
25
26
27
28
29
30
31
32
33
34
35
36
37
38
39
40
41
42
43
44
45
46
47
48
49
50
51
52
53
54
55
56
57
58
59
60
61
62
63
64
65
66
67
68
69
70
71
72
73
74
75
76
77
78
79
80
81
82
83
84
85
86
87
88
89
90
91
92
93
94
95
96
97
0 98
0
1 100
2 101
3 102
4 103
104 5
105 6
106 7
8 107
9 108
10 109
11 110
12 111
112 13
113 14
114 15
16 115
17 116
18 117
19 118
20 119
120 21
121 22
122 23
24 123
25 124
26 125
27 126
28 127
128 29
129 30
130 31
32 131
33 132
34 133
35 134
36 135
136 37
137 38
138 39
40 139
41 140
42 141
43 142
44 143
144 45
145 46
146 47
48 147
49 148
50 149
51 150
52 151
152 53
153 54
154 55
56 155
57 156
58 157
59 158
60 159
160 61
161 62
162 63
64 163
65 164
66 165
67 166
68 167
168 69
169 70
170 71
72 171
73 172
74 173
75 174
76 175
176 77
177 78
178 79
80 179
81 180
82 181
83 182
84 183
184 85
185 86
186 87
88 187
89 188
90 189
91 190
92 191
192 93
193 94
194 95
96 195
97 196
98 197
99 100 198
100
200 101
201 102
202 103
104 203
105 204
106 205
107 206
108 207
208 109
209 110
210 111
112 211
113 212
114 213
115 214
116 215
216 117
217 118
218 119
120 219
121 220
122 221
123 222
124 223
224 125
225 126
226 127
128 227
129 228
130 229
131 230
132 231
232 133
233 134
234 135
136 235
137 236
138 237
139 238
140 239
240 141
241 142
242 143
144 243
145 244
146 245
147 246
148 247
248 149
249 150
250 151
152 251
153 252
154 253
155 254
156 255
256 157
257 158
258 159
160 259
161 260
162 261
163 262
164 263
264 165
265 166
266 167
168 267
169 268
170 269
171 270
172 271
272 173
273 174
274 175
176 275
177 276
178 277
179 278
180 279
280 181
281 182
282 183
184 283
185 284
186 285
187 286
188 287
288 189
289 190
290 191
192 291
193 292
194 293
195 294
196 295
296 197
297 198
200 298 199
200
201 300
202 301
203 302
204 303
304 205
305 206
306 207
208 307
209 308
210 309
211 310
212 311
312 213
313 214
314 215
216 315
217 316
218 317
219 318
220 319
320 221
321 222
322 223
224 323
225 324
226 325
227 326
228 327
328 229
329 230
330 231
232 331
233 332
234 333
235 334
236 335
336 237
337 238
338 239
240 339
241 340
242 341
243 342
244 343
344 245
345 246
346 247
248 347
249 348
250 349
251 350
252 351
352 253
353 254
354 255
256 355
257 356
258 357
259 358
260 359
360 261
361 262
362 263
264 363
265 364
266 365
267 366
268 367
368 269
369 270
370 271
272 371
273 372
274 373
275 374
276 375
376 277
377 278
378 279
280 379
281 380
282 381
283 382
284 383
384 285
385 286
386 287
288 387
289 388
290 389
291 390
292 391
392 293
393 294
394 295
296 395
297 396
298 397
299 300 398
300
400 301
401 302
402 303
304 403
305 404
306 405
307 406
308 407
408 309
409 310
410 311
312 411
313 412
314 413
315 414
316 415
416 317
417 318
418 319
320 419
321 420
322 421
323 422
324 423
424 325
425 326
426 327
328 427
329 428
330 429
331 430
332 431
432 333
433 334
434 335
336 435
337 436
338 437
339 438
340 439
440 341
441 342
442 343
344 443
345 444
346 445
347 446
348 447
448 349
449 350
450 351
352 451
353 452
354 453
355 454
356 455
456 357
457 358
458 359
360 459
361 460
362 461
363 462
364 463
464 365
465 366
466 367
368 467
369 468
370 469
371 470
372 471
472 373
473 374
474 375
376 475
377 476
378 477
379 478
380 479
480 381
481 382
482 383
384 483
385 484
386 485
387 486
388 487
488 389
489 390
490 391
392 491
393 492
394 493
395 494
396 495
496 397
497 398
400 498 399
400
401 500
402 501
403 502
404 503
504 405
505 406
506 407
408 507
409 508
410 509
411 510
412 511
512 413
513 414
514 415
416 515
417 516
418 517
419 518
420 519
520 421
521 422
522 423
424 523
425 524
426 525
427 526
428 527
528 429
529 430
530 431
432 531
433 532
434 533
435 534
436 535
536 437
537 438
538 439
440 539
441 540
442 541
443 542
444 543
544 445
545 446
546 447
448 547
449 548
450 549
451 550
452 551
552 453
553 454
554 455
456 555
457 556
458 557
459 558
460 559
560 461
561 462
562 463
464 563
465 564
466 565
467 566
468 567
568 469
569 470
570 471
472 571
473 572
474 573
475 574
476 575
576 477
577 478
578 479
480 579
481 580
482 581
483 582
484 583
584 485
585 486
586 487
488 587
489 588
490 589
491 590
492 591
592 493
593 494
594 495
496 595
497 596
498 597
499 500 598
500
600 501
601 502
602 503
504 603
505 604
506 605
507 606
508 607
608 509
609 510
610 511
512 611
513 612
514 613
515 614
516 615
616 517
617 518
618 519
520 619
521 620
522 621
523 622
524 623
624 525
625 526
626 527
528 627
529 628
530 629
531 630
532 631
632 533
633 534
634 535
536 635
537 636
538 637
539 638
540 639
640 541
641 542
642 543
544 643
545 644
546 645
547 646
548 647
648 549
649 550
650 551
552 651
553 652
554 653
555 654
556 655
656 557
657 558
658 559
560 659
561 660
562 661
563 662
564 663
664 565
665 566
666 567
568 667
569 668
570 669
571 670
572 671
672 573
673 574
674 575
576 675
577 676
578 677
579 678
580 679
680 581
681 582
682 583
584 683
585 684
586 685
587 686
588 687
688 589
689 590
690 591
592 691
593 692
594 693
595 694
596 695
696 597
697 598
600 698 599
600
601 700
602 701
603 702
604 703
704 605
705 606
706 607
608 707
609 708
610 709
611 710
612 711
712 613
713 614
714 615
616 715
617 716
618 717
619 718
620 719
720 621
721 622
722 623
624 723
625 724
626 725
627 726
628 727
728 629
729 630
730 631
632 731
633 732
634 733
635 734
636 735
736 637
737 638
738 639
640 739
641 740
642 741
643 742
644 743
744 645
745 646
746 647
648 747
649 748
650 749
651 750
652 751
752 653
753 654
754 655
656 755
657 756
658 757
659 758
660 759
760 661
761 662
762 663
664 763
665 764
666 765
667 766
668 767
768 669
769 670
770 671
672 771
673 772
674 773
675 774
676 775
776 677
777 678
778 679
680 779
681 780
682 781
683 782
684 783
784 685
785 686
786 687
688 787
689 788
690 789
691 790
692 791
792 693
793 694
794 695
696 795
697 796
698 797
699 700 798
700
800 701
801 702
802 703
704 803
705 804
706 805
707 806
708 807
808 709
809 710
810 711
712 811
713 812
714 813
715 814
716 815
816 717
817 718
818 719
720 819
721 820
722 821
723 822
724 823
824 725
825 726
826 727
728 827
729 828
730 829
731 830
732 831
832 733
833 734
834 735
736 835
737 836
738 837
739 838
740 839
840 741
841 742
842 743
744 843
745 844
746 845
747 846
748 847
848 749
849 750
850 751
752 851
753 852
754 853
755 854
756 855
856 757
857 758
858 759
760 859
761 860
762 861
763 862
764 863
864 765
865 766
866 767
768 867
769 868
770 869
771 870
772 871
872 773
873 774
874 775
776 875
777 876
778 877
779 878
780 879
880 781
881 782
882 783
784 883
785 884
786 885
787 886
788 887
888 789
889 790
890 791
792 891
793 892
794 893
795 894
796 895
896 797
897 798
800 898 799
800
801 900
802 901
803 902
804 903
904 805
905 806
906 807
808 907
809 908
810 909
811 910
812 911
912 813
913 814
914 815
816 915
817 916
818 917
819 918
820 919
920 821
921 822
922 823
824 923
825 924
826 925
827 926
828 927
928 829
929 830
930 831
832 931
833 932
834 933
835 934
836 935
936 837
937 838
938 839
840 939
841 940
842 941
843 942
844 943
944 845
945 846
946 847
848 947
849 948
850 949
851 950
852 951
952 853
953 854
954 855
856 955
857 956
858 957
859 958
860 959
960 861
961 862
962 863
864 963
865 964
866 965
867 966
868 967
968 869
969 870
970 871
872 971
873 972
874 973
875 974
876 975
976 877
977 878
978 879
880 979
881 980
882 981
883 982
884 983
984 885
985 886
986 887
888 987
889 988
890 989
891 990
892 991
992 893
993 894
994 895
896 995
897 996
898 997
899 900 998
900
1000 901
1001 902
1002 903
904 1003
905 1004
906 1005
907 1006
908 1007
1008 909
1009 910
1010 911
912 1011
913 1012
914 1013
915 1014
916 1015
1016 917
1017 918
1018 919
920 1019
921 1020
922 1021
923 1022
924 1023
1024 925
1025 926
1026 927
928 1027
929 1028
930 1029
931 1030
932 1031
1032 933
1033 934
1034 935
936 1035
937 1036
938 1037
939 1038
940 1039
1040 941
1041 942
1042 943
944 1043
945 1044
946 1045
947 1046
948 1047
1048 949
1049 950
1050 951
952 1051
953 1052
954 1053
955 1054
956 1055
1056 957
1057 958
1058 959
960 1059
961 1060
962 1061
963 1062
964 1063
1064 965
1065 966
1066 967
968 1067
969 1068
970 1069
971 1070
972 1071
1072 973
1073 974
1074 975
976 1075
977 1076
978 1077
979 1078
980 1079
1080 981
1081 982
1082 983
984 1083
985 1084
986 1085
987 1086
988 1087
1088 989
1089 990
1090 991
992 1091
993 1092
994 1093
995 1094
996 1095
1096 997
1097 998
1000 1098 999
1000
1001 1100
1002 1101
1003 1102
1004 1103
1104 1005
1105 1006
1106 1007
1008 1107
1009 1108
1010 1109
1011 1110
1012 1111
1112 1013
1113 1014
1114 1015
1016 1115
1017 1116
1018 1117
1019 1118
1020 1119
1120 1021
1121 1022
1122 1023
1024 1123
1025 1124
1026 1125
1027 1126
1028 1127
1128 1029
1129 1030
1130 1031
1032 1131
1033 1132
1034 1133
1035 1134
1036 1135
1136 1037
1137 1038
1138 1039
1040 1139
1041 1140
1042 1141
1043 1142
1044 1143
1144 1045
1145 1046
1146 1047
1048 1147
1049 1148
1050 1149
1051 1150
1052 1151
1152 1053
1153 1054
1154 1055
1056 1155
1057 1156
1058 1157
1059 1158
1060 1159
1160 1061
1161 1062
1162 1063
1064 1163
1065 1164
1066 1165
1067 1166
1068 1167
1168 1069
1169 1070
1170 1071
1072 1171
1073 1172
1074 1173
1075 1174
1076 1175
1176 1077
1177 1078
1178 1079
1080 1179
1081 1180
1082 1181
1083 1182
1084 1183
1184 1085
1185 1086
1186 1087
1088 1187
1089 1188
1090 1189
1091 1190
1092 1191
1192 1093
1193 1094
1194 1095
1096 1195
1097 1196
1098 1197
1099 1100 1198
1100
1200 1101
1201 1102
1202 1103
1104 1203
1105 1204
1106 1205
1107 1206
1108 1207
1208 1109
1209 1110
1210 1111
1112 1211
1113 1212
1114 1213
1115 1214
1116 1215
1216 1117
1217 1118
1218 1119
1120 1219
1121 1220
1122 1221
1123 1222
1124 1223
1224 1125
1225 1126
1226 1127
1128 1227
1129 1228
1130 1229
1131 1230
1132 1231
1232 1133
1233 1134
1234 1135
1136 1235
1137 1236
1138 1237
1139 1238
1140 1239
1240 1141
1241 1142
1242 1143
1144 1243
1145 1244
1146 1245
1147 1246
1148 1247
1248 1149
1249 1150
1250 1151
1152 1251
1153 1252
1154 1253
1155 1254
1156 1255
1256 1157
1257 1158
1258 1159
1160 1259
1161 1260
1162 1261
1163 1262
1164 1263
1264 1165
1265 1166
1266 1167
1168 1267
1169 1268
1170 1269
1171 1270
1172 1271
1272 1173
1273 1174
1274 1175
1176 1275
1177 1276
1178 1277
1179 1278
1180 1279
1280 1181
1281 1182
1282 1183
1184 1283
1185 1284
1186 1285
1187 1286
1188 1287
1288 1189
1289 1190
1290 1191
1192 1291
1193 1292
1194 1293
1195 1294
1196 1295
1296 1197
1297 1198
1200 1298 1199
1200
1201 1300
1202 1301
1203 1302
1204 1303
1304 1205
1305 1206
1306 1207
1208 1307
1209 1308
1210 1309
1211 1310
1212 1311
1312 1213
1313 1214
1314 1215
1216 1315
1217 1316
1218 1317
1219 1318
1220 1319
1320 1221
1321 1222
1322 1223
1224 1323
1225 1324
1226 1325
1227 1326
1228 1327
1328 1229
1329 1230
1330 1231
1232 1331
1233 1332
1234 1333
1235 1334
1236 1335
1336 1237
1337 1238
1338 1239
1240 1339
1241 1340
1242 1341
1243 1342
1244 1343
1344 1245
1345 1246
1346 1247
1248 1347
1249 1348
1250 1349
1251 1350
1252 1351
1352 1253
1353 1254
1354 1255
1256 1355
1257 1356
1258 1357
1259 1358
1260 1359
1360 1261
1361 1262
1362 1263
1264 1363
1265 1364
1266 1365
1267 1366
1268 1367
1368 1269
1369 1270
1370 1271
1272 1371
1273 1372
1274 1373
1275 1374
1276 1375
1376 1277
1377 1278
1378 1279
1280 1379
1281 1380
1282 1381
1283 1382
1284 1383
1384 1285
1385 1286
1386 1287
1288 1387
1289 1388
1290 1389
1291 1390
1292 1391
1392 1293
1393 1294
1394 1295
1296 1395
1297 1396
1298 1397
1299 1300 1398
1300
1400 1301
1401 1302
1402 1303
1304 1403
1305 1404
1306 1405
1307 1406
1308 1407
1408 1309
1409 1310
1410 1311
1312 1411
1313 1412
1314 1413
1315 1414
1316 1415
1416 1317
1417 1318
1418 1319
1320 1419
1321 1420
1322 1421
1323 1422
1324 1423
1424 1325
1425 1326
1426 1327
1328 1427
1329 1428
1330 1429
1331 1430
1332 1431
1432 1333
1433 1334
1434 1335
1336 1435
1337 1436
1338 1437
1339 1438
1340 1439
1440 1341
1441 1342
1442 1343
1344 1443
1345 1444
1346 1445
1347 1446
1348 1447
1448 1349
1449 1350
1450 1351
1352 1451
1353 1452
1354 1453
1355 1454
1356 1455
1456 1357
1457 1358
1458 1359
1360 1459
1361 1460
1362 1461
1363 1462
1364 1463
1464 1365
1465 1366
1466 1367
1368 1467
1369 1468
1370 1469
1371 1470
1372 1471
1472 1373
1473 1374
1474 1375
1376 1475
1377 1476
1378 1477
1379 1478
1380 1479
1480 1381
1481 1382
1482 1383
1384 1483
1385 1484
1386 1485
1387 1486
1388 1487
1488 1389
1489 1390
1490 1391
1392 1491
1393 1492
1394 1493
1395 1494
1396 1495
1496 1397
1497 1398
1400 1498 1399
1400
1401 1500
1402 1501
1403 1502
1404 1503
1504 1405
1505 1406
1506 1407
1408 1507
1409 1508
1410 1509
1411 1510
1412 1511
1512 1413
1513 1414
1514 1415
1416 1515
1417 1516
1418 1517
1419 1518
1420 1519
1520 1421
1521 1422
1522 1423
1424 1523
1425 1524
1426 1525
1427 1526
1428 1527
1528 1429
1529 1430
1530 1431
1432 1531
1433 1532
1434 1533
1435 1534
1436 1535
1536 1437
1537 1438
1538 1439
1440 1539
1441 1540
1442 1541
1443 1542
1444 1543
1544 1445
1545 1446
1546 1447
1448 1547
1449 1548
1450 1549
1451 1550
1452 1551
1552 1453
1553 1454
1554 1455
1456 1555
1457 1556
1458 1557
1459 1558
1460 1559
1560 1461
1561 1462
1562 1463
1464 1563
1465 1564
1466 1565
1467 1566
1468 1567
1568 1469
1569 1470
1570 1471
1472 1571
1473 1572
1474 1573
1475 1574
1476 1575
1576 1477
1577 1478
1578 1479
1480 1579
1481 1580
1482 1581
1483 1582
1484 1583
1584 1485
1585 1486
1586 1487
1488 1587
1489 1588
1490 1589
1491 1590
1492 1591
1592 1493
1593 1494
1594 1495
1496 1595
1497 1596
1498 1597
1499 1500 1598
1500
1600 1501
1601 1502
1602 1503
1504 1603
1505 1604
1506 1605
1507 1606
1508 1607
1608 1509
1609 1510
1610 1511
1512 1611
1513 1612
1514 1613
1515 1614
1516 1615
1616 1517
1617 1518
1618 1519
1520 1619
1521 1620
1522 1621
1523 1622
1524 1623
1624 1525
1625 1526
1626 1527
1528 1627
1529 1628
1530 1629
1531 1630
1532 1631
1632 1533
1633 1534
1634 1535
1536 1635
1537 1636
1538 1637
1539 1638
1540 1639
1640 1541
1641 1542
1642 1543
1544 1643
1545 1644
1546 1645
1547 1646
1548 1647
1648 1549
1649 1550
1650 1551
1552 1651
1553 1652
1554 1653
1555 1654
1556 1655
1656 1557
1657 1558
1658 1559
1560 1659
1561 1660
1562 1661
1563 1662
1564 1663
1664 1565
1665 1566
1666 1567
1568 1667
1569 1668
1570 1669
1571 1670
1572 1671
1672 1573
1673 1574
1674 1575
1576 1675
1577 1676
1578 1677
1579 1678
1580 1679
1680 1581
1681 1582
1682 1583
1584 1683
1585 1684
1586 1685
1587 1686
1588 1687
1688 1589
1689 1590
1690 1591
1592 1691
1593 1692
1594 1693
1595 1694
1596 1695
1696 1597
1697 1598
1600 1698 1599
1600
1601 1700
1602 1701
1603 1702
1604 1703
1704 1605
1705 1606
1706 1607
1608 1707
1609 1708
1610 1709
1611 1710
1612 1711
1712 1613
1713 1614
1714 1615
1616 1715
1617 1716
1618 1717
1619 1718
1620 1719
1720 1621
1721 1622
1722 1623
1624 1723
1625 1724
1626 1725
1627 1726
1628 1727
1728 1629
1729 1630
1730 1631
1632 1731
1633 1732
1634 1733
1635 1734
1636 1735
1736 1637
1737 1638
1738 1639
1640 1739
1641 1740
1642 1741
1643 1742
1644 1743
1744 1645
1745 1646
1746 1647
1648 1747
1649 1748
1650 1749
1651 1750
1652 1751
1752 1653
1753 1654
1754 1655
1656 1755
1657 1756
1658 1757
1659 1758
1660 1759
1760 1661
1761 1662
1762 1663
1664 1763
1665 1764
1666 1765
1667 1766
1668 1767
1768 1669
1769 1670
1770 1671
1672 1771
1673 1772
1674 1773
1675 1774
1676 1775
1776 1677
1777 1678
1778 1679
1680 1779
1681 1780
1682 1781
1683 1782
1684 1783
1784 1685
1785 1686
1786 1687
1688 1787
1689 1788
1690 1789
1691 1790
1692 1791
1792 1693
1793 1694
1794 1695
1696 1795
1697 1796
1698 1797
1699 1700 1798
1700
1800 1701
1801 1702
1802 1703
1704 1803
1705 1804
1706 1805
1707 1806
1708 1807
1808 1709
1809 1710
1810 1711
1712 1811
1713 1812
1714 1813
1715 1814
1716 1815
1816 1717
1817 1718
1818 1719
1720 1819
1721 1820
1722 1821
1723 1822
1724 1823
1824 1725
1825 1726
1826 1727
1728 1827
1729 1828
1730 1829
1731 1830
1732 1831
1832 1733
1833 1734
1834 1735
1736 1835
1737 1836
1738 1837
1739 1838
1740 1839
1840 1741
1841 1742
1842 1743
1744 1843
1745 1844
1746 1845
1747 1846
1748 1847
1848 1749
1849 1750
1850 1751
1752 1851
1753 1852
1754 1853
1755 1854
1756 1855
1856 1757
1857 1758
1858 1759
1760 1859
1761 1860
1762 1861
1763 1862
1764 1863
1864 1765
1865 1766
1866 1767
1768 1867
1769 1868
1770 1869
1771 1870
1772 1871
1872 1773
1873 1774
1874 1775
1776 1875
1777 1876
1778 1877
1779 1878
1780 1879
1880 1781
1881 1782
1882 1783
1784 1883
1785 1884
1786 1885
1787 1886
1788 1887
1888 1789
1889 1790
1890 1791
1792 1891
1793 1892
1794 1893
1795 1894
1796 1895
1896 1797
1897 1798
1800 1898 1799
1800
1801 1900
1802 1901
1803 1902
1804 1903
1904 1805
1905 1806
1906 1807
1808 1907
1809 1908
1810 1909
1811 1910
1812 1911
1912 1813
1913 1814
1914 1815
1816 1915
1817 1916
1818 1917
1819 1918
1820 1919
1920 1821
1921 1822
1922 1823
1824 1923
1825 1924
1826 1925
1827 1926
1828 1927
1928 1829
1929 1830
1930 1831
1832 1931
1833 1932
1834 1933
1835 1934
1836 1935
1936 1837
1937 1838
1938 1839
1840 1939
1841 1940
1842 1941
1843 1942
1844 1943
1944 1845
1945 1846
1946 1847
1848 1947
1849 1948
1850 1949
1851 1950
1852 1951
1952 1853
1953 1854
1954 1855
1856 1955
1857 1956
1858 1957
1859 1958
1860 1959
1960 1861
1961 1862
1962 1863
1864 1963
1865 1964
1866 1965
1867 1966
1868 1967
1968 1869
1969 1870
1970 1871
1872 1971
1873 1972
1874 1973
1875 1974
1876 1975
1976 1877
1977 1878
1978 1879
1880 1979
1881 1980
1882 1981
1883 1982
1884 1983
1984 1885
1985 1886
1986 1887
1888 1987
1889 1988
1890 1989
1891 1990
1892 1991
1992 1893
1993 1894
1994 1895
1896 1995
1897 1996
1898 1997
1899 1900 1998
1900
2000 1901
2001 1902
2002 1903
1904 2003
1905 2004
1906 2005
1907 2006
1908 2007
2008 1909
2009 1910
2010 1911
1912 2011
1913 2012
1914 2013
1915 2014
1916 2015
2016 1917
2017 1918
2018 1919
1920 2019
1921 2020
1922 2021
1923 2022
1924 2023
2024 1925
2025 1926
2026 1927
1928 2027
1929 2028
1930 2029
1931 2030
1932 2031
2032 1933
2033 1934
2034 1935
1936 2035
1937 2036
1938 2037
1939 2038
1940 2039
2040 1941
2041 1942
2042 1943
1944 2043
1945 2044
1946 2045
1947 2046
1948 2047
2048 1949
2049 1950
2050 1951
1952 2051
1953 2052
1954 2053
1955 2054
1956 2055
2056 1957
2057 1958
2058 1959
1960 2059
1961 2060
1962 2061
1963 2062
1964 2063
2064 1965
2065 1966
2066 1967
1968 2067
1969 2068
1970 2069
1971 2070
1972 2071
2072 1973
2073 1974
2074 1975
1976 2075
1977 2076
1978 2077
1979 2078
1980 2079
2080 1981
2081 1982
2082 1983
1984 2083
1985 2084
1986 2085
1987 2086
1988 2087
2088 1989
2089 1990
2090 1991
1992 2091
1993 2092
1994 2093
1995 2094
1996 2095
2096 1997
2097 1998
2000 2098 1999
2000
2001 2100
2002 2101
2003 2102
2004 2103
2104 2005
2105 2006
2106 2007
2008 2107
2009 2108
2010 2109
2011 2110
2012 2111
2112 2013
2113 2014
2114 2015
2016 2115
2017 2116
2018 2117
2019 2118
2020 2119
2120 2021
2121 2022
2122 2023
2024 2123
2025 2124
2026 2125
2027 2126
2028 2127
2128 2029
2129 2030
2130 2031
2032 2131
2033 2132
2034 2133
2035 2134
2036 2135
2136 2037
2137 2038
2138 2039
2040 2139
2041 2140
2042 2141
2043 2142
2044 2143
2144 2045
2145 2046
2146 2047
2048 2147
2049 2148
2050 2149
2051 2150
2052 2151
2152 2053
2153 2054
2154 2055
2056 2155
2057 2156
2058 2157
2059 2158
2060 2159
2160 2061
2161 2062
2162 2063
2064 2163
2065 2164
2066 2165
2067 2166
2068 2167
2168 2069
2169 2070
2170 2071
2072 2171
2073 2172
2074 2173
2075 2174
2076 2175
2176 2077
2177 2078
2178 2079
2080 2179
2081 2180
2082 2181
2083 2182
2084 2183
2184 2085
2185 2086
2186 2087
2088 2187
2089 2188
2090 2189
2091 2190
2092 2191
2192 2093
2193 2094
2194 2095
2096 2195
2097 2196
2098 2197
2099 2100 2198
2100
2200 2101
2201 2102
2202 2103
2104 2203
2105 2204
2106 2205
2107 2206
2108 2207
2208 2109
2209 2110
2210 2111
2112 2211
2113 2212
2114 2213
2115 2214
2116 2215
2216 2117
2217 2118
2218 2119
2120 2219
2121 2220
2122 2221
2123 2222
2124 2223
2224 2125
2225 2126
2226 2127
2128 2227
2129 2228
2130 2229
2131 2230
2132 2231
2232 2133
2233 2134
2234 2135
2136 2235
2137 2236
2138 2237
2139 2238
2140 2239
2240 2141
2241 2142
2242 2143
2144 2243
2145 2244
2146 2245
2147 2246
2148 2247
2248 2149
2249 2150
2250 2151
2152 2251
2153 2252
2154 2253
2155 2254
2156 2255
2256 2157
2257 2158
2258 2159
2160 2259
2161 2260
2162 2261
2163 2262
2164 2263
2264 2165
2265 2166
2266 2167
2168 2267
2169 2268
2170 2269
2171 2270
2172 2271
2272 2173
2273 2174
2274 2175
2176 2275
2177 2276
2178 2277
2179 2278
2180 2279
2280 2181
2281 2182
2282 2183
2184 2283
2185 2284
2186 2285
2187 2286
2188 2287
2288 2189
2289 2190
2290 2191
2192 2291
2193 2292
2194 2293
2195 2294
2196 2295
2296 2197
2297 2198
2200 2298 2199
2200
2201 2300
2202 2301
2203 2302
2204 2303
2304 2205
2305 2206
2306 2207
2208 2307
2209 2308
2210 2309
2211 2310
2212 2311
2312 2213
2313 2214
2314 2215
2216 2315
2217 2316
2218 2317
2219 2318
2220 2319
2320 2221
2321 2222
2322 2223
2224 2323
2225 2324
2226 2325
2227 2326
2228 2327
2328 2229
2329 2230
2330 2231
2232 2331
2233 2332
2234 2333
2235 2334
2236 2335
2336 2237
2337 2238
2338 2239
2240 2339
2241 2340
2242 2341
2243 2342
2244 2343
2344 2245
2345 2246
2346 2247
2248 2347
2249 2348
2250 2349
2251 2350
2252 2351
2352 2253
2353 2254
2354 2255
2256 2355
2257 2356
2258 2357
2259 2358
2260 2359
2360 2261
2361 2262
2362 2263
2264 2363
2265 2364
2266 2365
2267 2366
2268 2367
2368 2269
2369 2270
2370 2271
2272 2371
2273 2372
2274 2373
2275 2374
2276 2375
2376 2277
2377 2278
2378 2279
2280 2379
2281 2380
2282 2381
2283 2382
2284 2383
2384 2285
2385 2286
2386 2287
2288 2387
2289 2388
2290 2389
2291 2390
2292 2391
2392 2293
2393 2294
2394 2295
2296 2395
2297 2396
2298 2397
2299 2300 2398
2300
2400 2301
2401 2302
2402 2303
2304 2403
2305 2404
2306 2405
2307 2406
2308 2407
2408 2309
2409 2310
2410 2311
2312 2411
2313 2412
2314 2413
2315 2414
2316 2415
2416 2317
2417 2318
2418 2319
2320 2419
2321 2420
2322 2421
2323 2422
2324 2423
2424 2325
2425 2326
2426 2327
2328 2427
2329 2428
2330 2429
2331 2430
2332 2431
2432 2333
2433 2334
2434 2335
2336 2435
2337 2436
2338 2437
2339 2438
2340 2439
2440 2341
2441 2342
2442 2343
2344 2443
2345 2444
2346 2445
2347 2446
2348 2447
2448 2349
2449 2350
2450 2351
2352 2451
2353 2452
2354 2453
2355 2454
2356 2455
2456 2357
2457 2358
2458 2359
2360 2459
2361 2460
2362 2461
2363 2462
2364 2463
2464 2365
2465 2366
2466 2367
2368 2467
2369 2468
2370 2469
2371 2470
2372 2471
2472 2373
2473 2374
2474 2375
2376 2475
2377 2476
2378 2477
2379 2478
2380 2479
2480 2381
2481 2382
2482 2383
2384 2483
2385 2484
2386 2485
2387 2486
2388 2487
2488 2389
2489 2390
2490 2391
2392 2491
2393 2492
2394 2493
2395 2494
2396 2495
2496 2397
2497 2398
2400 2498 2399
2400
2401 2500
2402 2501
2403 2502
2404 2503
2504 2405
2505 2406
2506 2407
2408 2507
2409 2508
2410 2509
2411 2510
2412 2511
2512 2413
2513 2414
2514 2415
2416 2515
2417 2516
2418 2517
2419 2518
2420 2519
2520 2421
2521 2422
2522 2423
2424 2523
2425 2524
2426 2525
2427 2526
2428 2527
2528 2429
2529 2430
2530 2431
2432 2531
2433 2532
2434 2533
2435 2534
2436 2535
2536 2437
2537 2438
2538 2439
2440 2539
2441 2540
2442 2541
2443 2542
2444 2543
2544 2445
2545 2446
2546 2447
2448 2547
2449 2548
2450 2549
2451 2550
2452 2551
2552 2453
2553 2454
2554 2455
2456 2555
2457 2556
2458 2557
2459 2558
2460 2559
2560 2461
2561 2462
2562 2463
2464 2563
2465 2564
2466 2565
2467 2566
2468 2567
2568 2469
2569 2470
2570 2471
2472 2571
2473 2572
2474 2573
2475 2574
2476 2575
2576 2477
2577 2478
2578 2479
2480 2579
2481 2580
2482 2581
2483 2582
2484 2583
2584 2485
2585 2486
2586 2487
2488 2587
2489 2588
2490 2589
2491 2590
2492 2591
2592 2493
2593 2494
2594 2495
2496 2595
2497 2596
2498 2597
2499 2500 2598
2500
2600 2501
2601 2502
2602 2503
2504 2603
2505 2604
2506 2605
2507 2606
2508 2607
2608 2509
2609 2510
2610 2511
2512 2611
2513 2612
2514 2613
2515 2614
2516 2615
2616 2517
2617 2518
2618 2519
2520 2619
2521 2620
2522 2621
2523 2622
2524 2623
2624 2525
2625 2526
2626 2527
2528 2627
2529 2628
2530 2629
2531 2630
2532 2631
2632 2533
2633 2534
2634 2535
2536 2635
2537 2636
2538 2637
2539 2638
2540 2639
2640 2541
2641 2542
2642 2543
2544 2643
2545 2644
2546 2645
2547 2646
2548 2647
2648 2549
2649 2550
2650 2551
2552 2651
2553 2652
2554 2653
2555 2654
2556 2655
2656 2557
2657 2558
2658 2559
2560 2659
2561 2660
2562 2661
2563 2662
2564 2663
2664 2565
2665 2566
2666 2567
2568 2667
2569 2668
2570 2669
2571 2670
2572 2671
2672 2573
2673 2574
2674 2575
2576 2675
2577 2676
2578 2677
2579 2678
2580 2679
2680 2581
2681 2582
2682 2583
2584 2683
2585 2684
2586 2685
2587 2686
2588 2687
2688 2589
2689 2590
2690 2591
2592 2691
2593 2692
2594 2693
2595 2694
2596 2695
2696 2597
2697 2598
2600 2698 2599
2600
2601 2700
2602 2701
2603 2702
2604 2703
2704 2605
2705 2606
2706 2607
2608 2707
2609 2708
2610 2709
2611 2710
2612 2711
2712 2613
2713 2614
2714 2615
2616 2715
2617 2716
2618 2717
2619 2718
2620 2719
2720 2621
2721 2622
2722 2623
2624 2723
2625 2724
2626 2725
2627 2726
2628 2727
2728 2629
2729 2630
2730 2631
2632 2731
2633 2732
2634 2733
2635 2734
2636 2735
2736 2637
2737 2638
2738 2639
2640 2739
2641 2740
2642 2741
2643 2742
2644 2743
2744 2645
2745 2646
2746 2647
2648 2747
2649 2748
2650 2749
2651 2750
2652 2751
2752 2653
2753 2654
2754 2655
2656 2755
2657 2756
2658 2757
2659 2758
2660 2759
2760 2661
2761 2662
2762 2663
2664 2763
2665 2764
2666 2765
2667 2766
2668 2767
2768 2669
2769 2670
2770 2671
2672 2771
2673 2772
2674 2773
2675 2774
2676 2775
2776 2677
2777 2678
2778 2679
2680 2779
2681 2780
2682 2781
2683 2782
2684 2783
2784 2685
2785 2686
2786 2687
2688 2787
2689 2788
2690 2789
2691 2790
2692 2791
2792 2693
2793 2694
2794 2695
2696 2795
2697 2796
2698 2797
2699 2700 2798
2700
2800 2701
2801 2702
2802 2703
2704 2803
2705 2804
2706 2805
2707 2806
2708 2807
2808 2709
2809 2710
2810 2711
2712 2811
2713 2812
2714 2813
2715 2814
2716 2815
2816 2717
2817 2718
2818 2719
2720 2819
2721 2820
2722 2821
2723 2822
2724 2823
2824 2725
2825 2726
2826 2727
2728 2827
2729 2828
2730 2829
2731 2830
2732 2831
2832 2733
2833 2734
2834 2735
2736 2835
2737 2836
2738 2837
2739 2838
2740 2839
2840 2741
2841 2742
2842 2743
2744 2843
2745 2844
2746 2845
2747 2846
2748 2847
2848 2749
2849 2750
2850 2751
2752 2851
2753 2852
2754 2853
2755 2854
2756 2855
2856 2757
2857 2758
2858 2759
2760 2859
2761 2860
2762 2861
2763 2862
2764 2863
2864 2765
2865 2766
2866 2767
2768 2867
2769 2868
2770 2869
2771 2870
2772 2871
2872 2773
2873 2774
2874 2775
2776 2875
2777 2876
2778 2877
2779 2878
2780 2879
2880 2781
2881 2782
2882 2783
2784 2883
2785 2884
2786 2885
2787 2886
2788 2887
2888 2789
2889 2790
2890 2791
2792 2891
2793 2892
2794 2893
2795 2894
2796 2895
2896 2797
2897 2798
2800 2898 2799
2800
2801 2900
2802 2901
2803 2902
2804 2903
2904 2805
2905 2806
2906 2807
2808 2907
2809 2908
2810 2909
2811 2910
2812 2911
2912 2813
2913 2814
2914 2815
2816 2915
2817 2916
2818 2917
2819 2918
2820 2919
2920 2821
2921 2822
2922 2823
2824 2923
2825 2924
2826 2925
2827 2926
2828 2927
2928 2829
2929 2830
2930 2831
2832 2931
2833 2932
2834 2933
2835 2934
2836 2935
2936 2837
2937 2838
2938 2839
2840 2939
2841 2940
2842 2941
2843 2942
2844 2943
2944 2845
2945 2846
2946 2847
2848 2947
2849 2948
2850 2949
2851 2950
2852 2951
2952 2853
2953 2854
2954 2855
2856 2955
2857 2956
2858 2957
2859 2958
2860 2959
2960 2861
2961 2862
2962 2863
2864 2963
2865 2964
2866 2965
2867 2966
2868 2967
2968 2869
2969 2870
2970 2871
2872 2971
2873 2972
2874 2973
2875 2974
2876 2975
2976 2877
2977 2878
2978 2879
2880 2979
2881 2980
2882 2981
2883 2982
2884 2983
2984 2885
2985 2886
2986 2887
2888 2987
2889 2988
2890 2989
2891 2990
2892 2991
2992 2893
2993 2894
2994 2895
2896 2995
2897 2996
2898 2997
2899 2900 2998
2900
3000 2901
3001 2902
3002 2903
2904 3003
2905 3004
2906 3005
2907 3006
2908 3007
3008 2909
3009 2910
3010 2911
2912 3011
2913 3012
2914 3013
2915 3014
2916 3015
3016 2917
3017 2918
3018 2919
2920 3019
2921 3020
2922 3021
2923 3022
2924 3023
3024 2925
3025 2926
3026 2927
2928 3027
2929 3028
2930 3029
2931 3030
2932 3031
3032 2933
3033 2934
3034 2935
2936 3035
2937 3036
2938 3037
2939 3038
2940 3039
3040 2941
3041 2942
3042 2943
2944 3043
2945 3044
2946 3045
2947 3046
2948 3047
3048 2949
3049 2950
3050 2951
2952 3051
2953 3052
2954 3053
2955 3054
2956 3055
3056 2957
3057 2958
3058 2959
2960 3059
2961 3060
2962 3061
2963 3062
2964 3063
3064 2965
3065 2966
3066 2967
2968 3067
2969 3068
2970 3069
2971 3070
2972 3071
3072 2973
3073 2974
3074 2975
2976 3075
2977 3076
2978 3077
2979 3078
2980 3079
3080 2981
3081 2982
3082 2983
2984 3083
2985 3084
2986 3085
2987 3086
2988 3087
3088 2989
3089 2990
3090 2991
2992 3091
2993 3092
2994 3093
2995 3094
2996 3095
3096 2997
3097 2998
3000 3098 2999
3000
3001 3100
3002 3101
3003 3102
3004 3103
3104 3005
3105 3006
3106 3007
3008 3107
3009 3108
3010 3109
3011 3110
3012 3111
3112 3013
3113 3014
3114 3015
3016 3115
3017 3116
3018 3117
3019 3118
3020 3119
3120 3021
3121 3022
3122 3023
3024 3123
3025 3124
3026 3125
3027 3126
3028 3127
3128 3029
3129 3030
3130 3031
3032 3131
3033 3132
3034 3133
3035 3134
3036 3135
3136 3037
3137 3038
3138 3039
3040 3139
3041 3140
3042 3141
3043 3142
3044 3143
3144 3045
3145 3046
3146 3047
3048 3147
3049 3148
3050 3149
3051 3150
3052 3151
3152 3053
3153 3054
3154 3055
3056 3155
3057 3156
3058 3157
3059 3158
3060 3159
3160 3061
3161 3062
3162 3063
3064 3163
3065 3164
3066 3165
3067 3166
3068 3167
3168 3069
3169 3070
3170 3071
3072 3171
3073 3172
3074 3173
3075 3174
3076 3175
3176 3077
3177 3078
3178 3079
3080 3179
3081 3180
3082 3181
3083 3182
3084 3183
3184 3085
3185 3086
3186 3087
3088 3187
3089 3188
3090 3189
3091 3190
3092 3191
3192 3093
3193 3094
3194 3095
3096 3195
3097 3196
3098 3197
3099 3100 3198
3100
3200 3101
3201 3102
3202 3103
3104 3203
3105 3204
3106 3205
3107 3206
3108 3207
3208 3109
3209 3110
3210 3111
3112 3211
3113 3212
3114 3213
3115 3214
3116 3215
3216 3117
3217 3118
3218 3119
3120 3219
3121 3220
3122 3221
3123 3222
3124 3223
3224 3125
3225 3126
3226 3127
3128 3227
3129 3228
3130 3229
3131 3230
3132 3231
3232 3133
3233 3134
3234 3135
3136 3235
3137 3236
3138 3237
3139 3238
3140 3239
3240 3141
3241 3142
3242 3143
3144 3243
3145 3244
3146 3245
3147 3246
3148 3247
3248 3149
3249 3150
3250 3151
3152 3251
3153 3252
3154 3253
3155 3254
3156 3255
3256 3157
3257 3158
3258 3159
3160 3259
3161 3260
3162 3261
3163 3262
3164 3263
3264 3165
3265 3166
3266 3167
3168 3267
3169 3268
3170 3269
3171 3270
3172 3271
3272 3173
3273 3174
3274 3175
3176 3275
3177 3276
3178 3277
3179 3278
3180 3279
3280 3181
3281 3182
3282 3183
3184 3283
3185 3284
3186 3285
3187 3286
3188 3287
3288 3189
3289 3190
3290 3191
3192 3291
3193 3292
3194 3293
3195 3294
3196 3295
3296 3197
3297 3198
3200 3298 3199
3200
3201 3300
3202 3301
3203 3302
3204 3303
3304 3205
3305 3206
3306 3207
3208 3307
3209 3308
3210 3309
3211 3310
3212 3311
3312 3213
3313 3214
3314 3215
3216 3315
3217 3316
3218 3317
3219 3318
3220 3319
3320 3221
3321 3222
3322 3223
3224 3323
3225 3324
3226 3325
3227 3326
3228 3327
3328 3229
3329 3230
3330 3231
3232 3331
3233 3332
3234 3333
3235 3334
3236 3335
3336 3237
3337 3238
3338 3239
3240 3339
3241 3340
3242 3341
3243 3342
3244 3343
3344 3245
3345 3246
3346 3247
3248 3347
3249 3348
3250 3349
3251 3350
3252 3351
3352 3253
3353 3254
3354 3255
3256 3355
3257 3356
3258 3357
3259 3358
3260 3359
3360 3261
3361 3262
3362 3263
3264 3363
3265 3364
3266 3365
3267 3366
3268 3367
3368 3269
3369 3270
3370 3271
3272 3371
3273 3372
3274 3373
3275 3374
3276 3375
3376 3277
3377 3278
3378 3279
3280 3379
3281 3380
3282 3381
3283 3382
3284 3383
3384 3285
3385 3286
3386 3287
3288 3387
3289 3388
3290 3389
3291 3390
3292 3391
3392 3293
3393 3294
3394 3295
3296 3395
3297 3396
3298 3397
3299 3300 3398
3300
3400 3301
3401 3302
3402 3303
3304 3403
3305 3404
3306 3405
3307 3406
3308 3407
3408 3309
3409 3310
3410 3311
3312 3411
3313 3412
3314 3413
3315 3414
3316 3415
3416 3317
3417 3318
3418 3319
3320 3419
3321 3420
3322 3421
3323 3422
3324 3423
3424 3325
3425 3326
3426 3327
3328 3427
3329 3428
3330 3429
3331 3430
3332 3431
3432 3333
3433 3334
3434 3335
3336 3435
3337 3436
3338 3437
3339 3438
3340 3439
3440 3341
3441 3342
3442 3343
3344 3443
3345 3444
3346 3445
3347 3446
3348 3447
3448 3349
3449 3350
3450 3351
3352 3451
3353 3452
3354 3453
3355 3454
3356 3455
3456 3357
3457 3358
3458 3359
3360 3459
3361 3460
3362 3461
3363 3462
3364 3463
3464 3365
3465 3366
3466 3367
3368 3467
3369 3468
3370 3469
3371 3470
3372 3471
3472 3373
3473 3374
3474 3375
3376 3475
3377 3476
3378 3477
3379 3478
3380 3479
3480 3381
3481 3382
3482 3383
3384 3483
3385 3484
3386 3485
3387 3486
3388 3487
3488 3389
3489 3390
3490 3391
3392 3491
3393 3492
3394 3493
3395 3494
3396 3495
3496 3397
3497 3398
3400 3498 3399
3400
3401 3500
3402 3501
3403 3502
3404 3503
3504 3405
3505 3406
3506 3407
3408 3507
3409 3508
3410 3509
3411 3510
3412 3511
3512 3413
3513 3414
3514 3415
3416 3515
3417 3516
3418 3517
3419 3518
3420 3519
3520 3421
3521 3422
3522 3423
3424 3523
3425 3524
3426 3525
3427 3526
3428 3527
3528 3429
3529 3430
3530 3431
3432 3531
3433 3532
3434 3533
3435 3534
3436 3535
3536 3437
3537 3438
3538 3439
3440 3539
3441 3540
3442 3541
3443 3542
3444 3543
3544 3445
3545 3446
3546 3447
3448 3547
3449 3548
3450 3549
3451 3550
3452 3551
3552 3453
3553 3454
3554 3455
3456 3555
3457 3556
3458 3557
3459 3558
3460 3559
3560 3461
3561 3462
3562 3463
3464 3563
3465 3564
3466 3565
3467 3566
3468 3567
3568 3469
3569 3470
3570 3471
3472 3571
3473 3572
3474 3573
3475 3574
3476 3575
3576 3477
3577 3478
3578 3479
3480 3579
3481 3580
3482 3581
3483 3582
3484 3583
3584 3485
3585 3486
3586 3487
3488 3587
3489 3588
3490 3589
3491 3590
3492 3591
3592 3493
3593 3494
3594 3495
3496 3595
3497 3596
3498 3597
3499 3500 3598
3500
3600 3501
3601 3502
3602 3503
3504 3603
3505 3604
3506 3605
3507 3606
3508 3607
3608 3509
3609 3510
3610 3511
3512 3611
3513 3612
3514 3613
3515 3614
3516 3615
3616 3517
3617 3518
3618 3519
3520 3619
3521 3620
3522 3621
3523 3622
3524 3623
3624 3525
3625 3526
3626 3527
3528 3627
3529 3628
3530 3629
3531 3630
3532 3631
3632 3533
3633 3534
3634 3535
3536 3635
3537 3636
3538 3637
3539 3638
3540 3639
3640 3541
3641 3542
3642 3543
3544 3643
3545 3644
3546 3645
3547 3646
3548 3647
3648 3549
3649 3550
3650 3551
3552 3651
3553 3652
3554 3653
3555 3654
3556 3655
3656 3557
3657 3558
3658 3559
3560 3659
3561 3660
3562 3661
3563 3662
3564 3663
3664 3565
3665 3566
3666 3567
3568 3667
3569 3668
3570 3669
3571 3670
3572 3671
3672 3573
3673 3574
3674 3575
3576 3675
3577 3676
3578 3677
3579 3678
3580 3679
3680 3581
3681 3582
3682 3583
3584 3683
3585 3684
3586 3685
3587 3686
3588 3687
3688 3589
3689 3590
3690 3591
3592 3691
3593 3692
3594 3693
3595 3694
3596 3695
3696 3597
3697 3598
3600 3698 3599
3600
3601 3700
3602 3701
3603 3702
3604 3703
3704 3605
3705 3606
3706 3607
3608 3707
3609 3708
3610 3709
3611 3710
3612 3711
3712 3613
3713 3614
3714 3615
3616 3715
3617 3716
3618 3717
3619 3718
3620 3719
3720 3621
3721 3622
3722 3623
3624 3723
3625 3724
3626 3725
3627 3726
3628 3727
3728 3629
3729 3630
3730 3631
3632 3731
3633 3732
3634 3733
3635 3734
3636 3735
3736 3637
3737 3638
3738 3639
3640 3739
3641 3740
3642 3741
3643 3742
3644 3743
3744 3645
3745 3646
3746 3647
3648 3747
3649 3748
3650 3749
3651 3750
3652 3751
3752 3653
3753 3654
3754 3655
3656 3755
3657 3756
3658 3757
3659 3758
3660 3759
3760 3661
3761 3662
3762 3663
3664 3763
3665 3764
3666 3765
3667 3766
3668 3767
3768 3669
3769 3670
3770 3671
3672 3771
3673 3772
3674 3773
3675 3774
3676 3775
3776 3677
3777 3678
3778 3679
3680 3779
3681 3780
3682 3781
3683 3782
3684 3783
3784 3685
3785 3686
3786 3687
3688 3787
3689 3788
3690 3789
3691 3790
3692 3791
3792 3693
3793 3694
3794 3695
3696 3795
3697 3796
3698 3797
3699 3700 3798
3700
3800 3701
3801 3702
3802 3703
3704 3803
3705 3804
3706 3805
3707 3806
3708 3807
3808 3709
3809 3710
3810 3711
3712 3811
3713 3812
3714 3813
3715 3814
3716 3815
3816 3717
3817 3718
3818 3719
3720 3819
3721 3820
3722 3821
3723 3822
3724 3823
3824 3725
3825 3726
3826 3727
3728 3827
3729 3828
3730 3829
3731 3830
3732 3831
3832 3733
3833 3734
3834 3735
3736 3835
3737 3836
3738 3837
3739 3838
3740 3839
3840 3741
3841 3742
3842 3743
3744 3843
3745 3844
3746 3845
3747 3846
3748 3847
3848 3749
3849 3750
3850 3751
3752 3851
3753 3852
3754 3853
3755 3854
3756 3855
3856 3757
3857 3758
3858 3759
3760 3859
3761 3860
3762 3861
3763 3862
3764 3863
3864 3765
3865 3766
3866 3767
3768 3867
3769 3868
3770 3869
3771 3870
3772 3871
3872 3773
3873 3774
3874 3775
3776 3875
3777 3876
3778 3877
3779 3878
3780 3879
3880 3781
3881 3782
3882 3783
3784 3883
3785 3884
3786 3885
3787 3886
3788 3887
3888 3789
3889 3790
3890 3791
3792 3891
3793 3892
3794 3893
3795 3894
3796 3895
3896 3797
3897 3798
3800 3898 3799
3800
3801 3900
3802 3901
3803 3902
3804 3903
3904 3805
3905 3806
3906 3807
3808 3907
3809 3908
3810 3909
3811 3910
3812 3911
3912 3813
3913 3814
3914 3815
3816 3915
3817 3916
3818 3917
3819 3918
3820 3919
3920 3821
3921 3822
3922 3823
3824 3923
3825 3924
3826 3925
3827 3926
3828 3927
3928 3829
3929 3830
3930 3831
3832 3931
3833 3932
3834 3933
3835 3934
3836 3935
3936 3837
3937 3838
3938 3839
3840 3939
3841 3940
3842 3941
3843 3942
3844 3943
3944 3845
3945 3846
3946 3847
3848 3947
3849 3948
3850 3949
3851 3950
3852 3951
3952 3853
3953 3854
3954 3855
3856 3955
3857 3956
3858 3957
3859 3958
3860 3959
3960 3861
3961 3862
3962 3863
3864 3963
3865 3964
3866 3965
3867 3966
3868 3967
3968 3869
3969 3870
3970 3871
3872 3971
3873 3972
3874 3973
3875 3974
3876 3975
3976 3877
3977 3878
3978 3879
3880 3979
3881 3980
3882 3981
3883 3982
3884 3983
3984 3885
3985 3886
3986 3887
3888 3987
3889 3988
3890 3989
3891 3990
3892 3991
3992 3893
3993 3894
3994 3895
3896 3995
3897 3996
3898 3997
3899 3900 3998
3900
4000 3901
4001 3902
4002 3903
3904 4003
3905 4004
3906 4005
3907 4006
3908 4007
4008 3909
4009 3910
4010 3911
3912 4011
3913 4012
3914 4013
3915 4014
3916 4015
4016 3917
4017 3918
4018 3919
3920 4019
3921 4020
3922 4021
3923 4022
3924 4023
4024 3925
4025 3926
4026 3927
3928 4027
3929 4028
3930 4029
3931 4030
3932 4031
4032 3933
4033 3934
4034 3935
3936 4035
3937 4036
3938 4037
3939 4038
3940 4039
4040 3941
4041 3942
4042 3943
3944 4043
3945 4044
3946 4045
3947 4046
3948 4047
4048 3949
4049 3950
4050 3951
3952 4051
3953 4052
3954 4053
3955 4054
3956 4055
4056 3957
4057 3958
4058 3959
3960 4059
3961 4060
3962 4061
3963 4062
3964 4063
4064 3965
4065 3966
4066 3967
3968 4067
3969 4068
3970 4069
3971 4070
3972 4071
4072 3973
4073 3974
4074 3975
3976 4075
3977 4076
3978 4077
3979 4078
3980 4079
4080 3981
4081 3982
4082 3983
3984 4083
3985 4084
3986 4085
3987 4086
3988 4087
4088 3989
4089 3990
4090 3991
3992 4091
3993 4092
3994 4093
3995 4094
3996 4095
4096 3997
4097 3998
4000 4098 3999
4000
4001 4100
4002 4101
4003 4102
4004 4103
4104 4005
4105 4006
4106 4007
4008 4107
4009 4108
4010 4109
4011 4110
4012 4111
4112 4013
4113 4014
4114 4015
4016 4115
4017 4116
4018 4117
4019 4118
4020 4119
4120 4021
4121 4022
4122 4023
4024 4123
4025 4124
4026 4125
4027 4126
4028 4127
4128 4029
4129 4030
4130 4031
4032 4131
4033 4132
4034 4133
4035 4134
4036 4135
4136 4037
4137 4038
4138 4039
4040 4139
4041 4140
4042 4141
4043 4142
4044 4143
4144 4045
4145 4046
4146 4047
4048 4147
4049 4148
4050 4149
4051 4150
4052 4151
4152 4053
4153 4054
4154 4055
4056 4155
4057 4156
4058 4157
4059 4158
4060 4159
4160 4061
4161 4062
4162 4063
4064 4163
4065 4164
4066 4165
4067 4166
4068 4167
4168 4069
4169 4070
4170 4071
4072 4171
4073 4172
4074 4173
4075 4174
4076 4175
4176 4077
4177 4078
4178 4079
4080 4179
4081 4180
4082 4181
4083 4182
4084 4183
4184 4085
4185 4086
4186 4087
4088 4187
4089 4188
4090 4189
4091 4190
4092 4191
4192 4093
4193 4094
4194 4095
4096 4195
4097 4196
4098 4197
4099 4100 4198
4100
4200 4101
4201 4102
4202 4103
4104 4203
4105 4204
4106 4205
4107 4206
4108 4207
4208 4109
4209 4110
4210 4111
4112 4211
4113 4212
4114 4213
4115 4214
4116 4215
4216 4117
4217 4118
4218 4119
4120 4219
4121 4220
4122 4221
4123 4222
4124 4223
4224 4125
4225 4126
4226 4127
4128 4227
4129 4228
4130 4229
4131 4230
4132 4231
4232 4133
4233 4134
4234 4135
4136 4235
4137 4236
4138 4237
4139 4238
4140 4239
4240 4141
4241 4142
4242 4143
4144 4243
4145 4244
4146 4245
4147 4246
4148 4247
4248 4149
4249 4150
4250 4151
4152 4251
4153 4252
4154 4253
4155 4254
4156 4255
4256 4157
4257 4158
4258 4159
4160 4259
4161 4260
4162 4261
4163 4262
4164 4263
4264 4165
4265 4166
4266 4167
4168 4267
4169 4268
4170 4269
4171 4270
4172 4271
4272 4173
4273 4174
4274 4175
4176 4275
4177 4276
4178 4277
4179 4278
4180 4279
4280 4181
4281 4182
4282 4183
4184 4283
4185 4284
4186 4285
4187 4286
4188 4287
4288 4189
4289 4190
4290 4191
4192 4291
4193 4292
4194 4293
4195 4294
4196 4295
4296 4197
4297 4198
4200 4298 4199
4200
4201 4300
4202 4301
4203 4302
4204 4303
4304 4205
4305 4206
4306 4207
4208 4307
4209 4308
4210 4309
4211 4310
4212 4311
4312 4213
4313 4214
4314 4215
4216 4315
4217 4316
4218 4317
4219 4318
4220 4319
4320 4221
4321 4222
4322 4223
4224 4323
4225 4324
4226 4325
4227 4326
4228 4327
4328 4229
4329 4230
4330 4231
4232 4331
4233 4332
4234 4333
4235 4334
4236 4335
4336 4237
4337 4238
4338 4239
4240 4339
4241 4340
4242 4341
4243 4342
4244 4343
4344 4245
4345 4246
4346 4247
4248 4347
4249 4348
4250 4349
4251 4350
4252 4351
4352 4253
4353 4254
4354 4255
4256 4355
4257 4356
4258 4357
4259 4358
4260 4359
4360 4261
4361 4262
4362 4263
4264 4363
4265 4364
4266 4365
4267 4366
4268 4367
4368 4269
4369 4270
4370 4271
4272 4371
4273 4372
4274 4373
4275 4374
4276 4375
4376 4277
4377 4278
4378 4279
4280 4379
4281 4380
4282 4381
4283 4382
4284 4383
4384 4285
4385 4286
4386 4287
4288 4387
4289 4388
4290 4389
4291 4390
4292 4391
4392 4293
4393 4294
4394 4295
4296 4395
4297 4396
4298 4397
4299 4300 4398
4300
4400 4301
4401 4302
4402 4303
4304 4403
4305 4404
4306 4405
4307 4406
4308 4407
4408 4309
4409 4310
4410 4311
4312 4411
4313 4412
4314 4413
4315 4414
4316 4415
4416 4317
4417 4318
4418 4319
4320 4419
4321 4420
4322 4421
4323 4422
4324 4423
4424 4325
4425 4326
4426 4327
4328 4427
4329 4428
4330 4429
4331 4430
4332 4431
4432 4333
4433 4334
4434 4335
4336 4435
4337 4436
4338 4437
4339 4438
4340 4439
4440 4341
4441 4342
4442 4343
4344 4443
4345 4444
4346 4445
4347 4446
4348 4447
4448 4349
4449 4350
4450 4351
4352 4451
4353 4452
4354 4453
4355 4454
4356 4455
4456 4357
4457 4358
4458 4359
4360 4459
4361 4460
4362 4461
4363 4462
4364 4463
4464 4365
4465 4366
4466 4367
4368 4467
4369 4468
4370 4469
4371 4470
4372 4471
4472 4373
4473 4374
4474 4375
4376 4475
4377 4476
4378 4477
4379 4478
4380 4479
4480 4381
4481 4382
4482 4383
4384 4483
4385 4484
4386 4485
4387 4486
4388 4487
4488 4389
4489 4390
4490 4391
4392 4491
4393 4492
4394 4493
4395 4494
4396 4495
4496 4397
4497 4398
4400 4498 4399
4400
4401 4500
4402 4501
4403 4502
4404 4503
4504 4405
4505 4406
4506 4407
4408 4507
4409 4508
4410 4509
4411 4510
4412 4511
4512 4413
4513 4414
4514 4415
4416 4515
4417 4516
4418 4517
4419 4518
4420 4519
4520 4421
4521 4422
4522 4423
4424 4523
4425 4524
4426 4525
4427 4526
4428 4527
4528 4429
4529 4430
4530 4431
4432 4531
4433 4532
4434 4533
4435 4534
4436 4535
4536 4437
4537 4438
4538 4439
4440 4539
4441 4540
4442 4541
4443 4542
4444 4543
4544 4445
4545 4446
4546 4447
4448 4547
4449 4548
4450 4549
4451 4550
4452 4551
4552 4453
4553 4454
4554 4455
4456 4555
4457 4556
4458 4557
4459 4558
4460 4559
4560 4461
4561 4462
4562 4463
4464 4563
4465 4564
4466 4565
4467 4566
4468 4567
4568 4469
4569 4470
4570 4471
4472 4571
4473 4572
4474 4573
4475 4574
4476 4575
4576 4477
4577 4478
4578 4479
4480 4579
4481 4580
4482 4581
4483 4582
4484 4583
4584 4485
4585 4486
4586 4487
4488 4587
4489 4588
4490 4589
4491 4590
4492 4591
4592 4493
4593 4494
4594 4495
4496 4595
4497 4596
4498 4597
4499 4500 4598
4500
4600 4501
4601 4502
4602 4503
4504 4603
4505 4604
4506 4605
4507 4606
4508 4607
4608 4509
4609 4510
4610 4511
4512 4611
4513 4612
4514 4613
4515 4614
4516 4615
4616 4517
4617 4518
4618 4519
4520 4619
4521 4620
4522 4621
4523 4622
4524 4623
4624 4525
4625 4526
4626 4527
4528 4627
4529 4628
4530 4629
4531 4630
4532 4631
4632 4533
4633 4534
4634 4535
4536 4635
4537 4636
4538 4637
4539 4638
4540 4639
4640 4541
4641 4542
4642 4543
4544 4643
4545 4644
4546 4645
4547 4646
4548 4647
4648 4549
4649 4550
4650 4551
4552 4651
4553 4652
4554 4653
4555 4654
4556 4655
4656 4557
4657 4558
4658 4559
4560 4659
4561 4660
4562 4661
4563 4662
4564 4663
4664 4565
4665 4566
4666 4567
4568 4667
4569 4668
4570 4669
4571 4670
4572 4671
4672 4573
4673 4574
4674 4575
4576 4675
4577 4676
4578 4677
4579 4678
4580 4679
4680 4581
4681 4582
4682 4583
4584 4683
4585 4684
4586 4685
4587 4686
4588 4687
4688 4589
4689 4590
4690 4591
4592 4691
4593 4692
4594 4693
4595 4694
4596 4695
4696 4597
4697 4598
4600 4698 4599
4600
4601 4700
4602 4701
4603 4702
4604 4703
4704 4605
4705 4606
4706 4607
4608 4707
4609 4708
4610 4709
4611 4710
4612 4711
4712 4613
4713 4614
4714 4615
4616 4715
4617 4716
4618 4717
4619 4718
4620 4719
4720 4621
4721 4622
4722 4623
4624 4723
4625 4724
4626 4725
4627 4726
4628 4727
4728 4629
4729 4630
4730 4631
4632 4731
4633 4732
4634 4733
4635 4734
4636 4735
4736 4637
4737 4638
4738 4639
4640 4739
4641 4740
4642 4741
4643 4742
4644 4743
4744 4645
4745 4646
4746 4647
4648 4747
4649 4748
4650 4749
4651 4750
4652 4751
4752 4653
4753 4654
4754 4655
4656 4755
4657 4756
4658 4757
4659 4758
4660 4759
4760 4661
4761 4662
4762 4663
4664 4763
4665 4764
4666 4765
4667 4766
4668 4767
4768 4669
4769 4670
4770 4671
4672 4771
4673 4772
4674 4773
4675 4774
4676 4775
4776 4677
4777 4678
4778 4679
4680 4779
4681 4780
4682 4781
4683 4782
4684 4783
4784 4685
4785 4686
4786 4687
4688 4787
4689 4788
4690 4789
4691 4790
4692 4791
4792 4693
4793 4694
4794 4695
4696 4795
4697 4796
4698 4797
4699 4700 4798
4700
4800 4701
4801 4702
4802 4703
4704 4803
4705 4804
4706 4805
4707 4806
4708 4807
4808 4709
4809 4710
4810 4711
4712 4811
4713 4812
4714 4813
4715 4814
4716 4815
4816 4717
4817 4718
4818 4719
4720 4819
4721 4820
4722 4821
4723 4822
4724 4823
4824 4725
4825 4726
4826 4727
4728 4827
4729 4828
4730 4829
4731 4830
4732 4831
4832 4733
4833 4734
4834 4735
4736 4835
4737 4836
4738 4837
4739 4838
4740 4839
4840 4741
4841 4742
4842 4743
4744 4843
4745 4844
4746 4845
4747 4846
4748 4847
4848 4749
4849 4750
4850 4751
4752 4851
4753 4852
4754 4853
4755 4854
4756 4855
4856 4757
4857 4758
4858 4759
4760 4859
4761 4860
4762 4861
4763 4862
4764 4863
4864 4765
4865 4766
4866 4767
4768 4867
4769 4868
4770 4869
4771 4870
4772 4871
4872 4773
4873 4774
4874 4775
4776 4875
4777 4876
4778 4877
4779 4878
4780 4879
4880 4781
4881 4782
4882 4783
4784 4883
4785 4884
4786 4885
4787 4886
4788 4887
4888 4789
4889 4790
4890 4791
4792 4891
4793 4892
4794 4893
4795 4894
4796 4895
4896 4797
4897 4798
4800 4898 4799
4800
4801 4900
4802 4901
4803 4902
4804 4903
4904 4805
4905 4806
4906 4807
4808 4907
4809 4908
4810 4909
4811 4910
4812 4911
4912 4813
4913 4814
4914 4815
4816 4915
4817 4916
4818 4917
4819 4918
4820 4919
4920 4821
4921 4822
4922 4823
4824 4923
4825 4924
4826 4925
4827 4926
4828 4927
4928 4829
4929 4830
4930 4831
4832 4931
4833 4932
4834 4933
4835 4934
4836 4935
4936 4837
4937 4838
4938 4839
4840 4939
4841 4940
4842 4941
4843 4942
4844 4943
4944 4845
4945 4846
4946 4847
4848 4947
4849 4948
4850 4949
4851 4950
4852 4951
4952 4853
4953 4854
4954 4855
4856 4955
4857 4956
4858 4957
4859 4958
4860 4959
4960 4861
4961 4862
4962 4863
4864 4963
4865 4964
4866 4965
4867 4966
4868 4967
4968 4869
4969 4870
4970 4871
4872 4971
4873 4972
4874 4973
4875 4974
4876 4975
4976 4877
4977 4878
4978 4879
4880 4979
4881 4980
4882 4981
4883 4982
4884 4983
4984 4885
4985 4886
4986 4887
4888 4987
4889 4988
4890 4989
4891 4990
4892 4991
4992 4893
4993 4894
4994 4895
4896 4995
4897 4996
4898 4997
4899 4900 4998
4900
5000 4901
5001 4902
5002 4903
4904 5003
4905 5004
4906 5005
4907 5006
4908 5007
5008 4909
5009 4910
5010 4911
4912 5011
4913 5012
4914 5013
4915 5014
4916 5015
5016 4917
5017 4918
5018 4919
4920 5019
4921 5020
4922 5021
4923 5022
4924 5023
5024 4925
5025 4926
5026 4927
4928 5027
4929 5028
4930 5029
4931 5030
4932 5031
5032 4933
5033 4934
5034 4935
4936 5035
4937 5036
4938 5037
4939 5038
4940 5039
5040 4941
5041 4942
5042 4943
4944 5043
4945 5044
4946 5045
4947 5046
4948 5047
5048 4949
5049 4950
5050 4951
4952 5051
4953 5052
4954 5053
4955 5054
4956 5055
5056 4957
5057 4958
5058 4959
4960 5059
4961 5060
4962 5061
4963 5062
4964 5063
5064 4965
5065 4966
5066 4967
4968 5067
4969 5068
4970 5069
4971 5070
4972 5071
5072 4973
5073 4974
5074 4975
4976 5075
4977 5076
4978 5077
4979 5078
4980 5079
5080 4981
5081 4982
5082 4983
4984 5083
4985 5084
4986 5085
4987 5086
4988 5087
5088 4989
5089 4990
5090 4991
4992 5091
4993 5092
4994 5093
4995 5094
4996 5095
5096 4997
5097 4998
5000 5098 4999
5000
5001 5100
5002 5101
5003 5102
5004 5103
5104 5005
5105 5006
5106 5007
5008 5107
5009 5108
5010 5109
5011 5110
5012 5111
5112 5013
5113 5014
5114 5015
5016 5115
5017 5116
5018 5117
5019 5118
5020 5119
5120 5021
5121 5022
5122 5023
5024 5123
5025 5124
5026 5125
5027 5126
5028 5127
5128 5029
5129 5030
5130 5031
5032 5131
5033 5132
5034 5133
5035 5134
5036 5135
5136 5037
5137 5038
5138 5039
5040 5139
5041 5140
5042 5141
5043 5142
5044 5143
5144 5045
5145 5046
5146 5047
5048 5147
5049 5148
5050 5149
5051 5150
5052 5151
5152 5053
5153 5054
5154 5055
5056 5155
5057 5156
5058 5157
5059 5158
5060 5159
5160 5061
5161 5062
5162 5063
5064 5163
5065 5164
5066 5165
5067 5166
5068 5167
5168 5069
5169 5070
5170 5071
5072 5171
5073 5172
5074 5173
5075 5174
5076 5175
5176 5077
5177 5078
5178 5079
5080 5179
5081 5180
5082 5181
5083 5182
5084 5183
5184 5085
5185 5086
5186 5087
5088 5187
5089 5188
5090 5189
5091 5190
5092 5191
5192 5093
5193 5094
5194 5095
5096 5195
5097 5196
5098 5197
5099 5100 5198
5100
5200 5101
5201 5102
5202 5103
5104 5203
5105 5204
5106 5205
5107 5206
5108 5207
5208 5109
5209 5110
5210 5111
5112 5211
5113 5212
5114 5213
5115 5214
5116 5215
5216 5117
5217 5118
5218 5119
5120 5219
5121 5220
5122 5221
5123 5222
5124 5223
5224 5125
5225 5126
5226 5127
5128 5227
5129 5228
5130 5229
5131 5230
5132 5231
5232 5133
5233 5134
5234 5135
5136 5235
5137 5236
5138 5237
5139 5238
5140 5239
5240 5141
5241 5142
5242 5143
5144 5243
5145 5244
5146 5245
5147 5246
5148 5247
5248 5149
5249 5150
5250 5151
5152 5251
5153 5252
5154 5253
5155 5254
5156 5255
5256 5157
5257 5158
5258 5159
5160 5259
5161 5260
5162 5261
5163 5262
5164 5263
5264 5165
5265 5166
5266 5167
5168 5267
5169 5268
5170 5269
5171 5270
5172 5271
5272 5173
5273 5174
5274 5175
5176 5275
5177 5276
5178 5277
5179 5278
5180 5279
5280 5181
5281 5182
5282 5183
5184 5283
5185 5284
5186 5285
5187 5286
5188 5287
5288 5189
5289 5190
5290 5191
5192 5291
5193 5292
5194 5293
5195 5294
5196 5295
5296 5197
5297 5198
5200 5298 5199
5200
5201 5300
5202 5301
5203 5302
5204 5303
5304 5205
5305 5206
5306 5207
5208 5307
5209 5308
5210 5309
5211 5310
5212 5311
5312 5213
5313 5214
5314 5215
5216 5315
5217 5316
5218 5317
5219 5318
5220 5319
5320 5221
5321 5222
5322 5223
5224 5323
5225 5324
5226 5325
5227 5326
5228 5327
5328 5229
5329 5230
5330 5231
5232 5331
5233 5332
5234 5333
5235 5334
5236 5335
5336 5237
5337 5238
5338 5239
5240 5339
5241 5340
5242 5341
5243 5342
5244 5343
5344 5245
5345 5246
5346 5247
5248 5347
5249 5348
5250 5349
5251 5350
5252 5351
5352 5253
5353 5254
5354 5255
5256 5355
5257 5356
5258 5357
5259 5358
5260 5359
5360 5261
5361 5262
5362 5263
5264 5363
5265 5364
5266 5365
5267 5366
5268 5367
5368 5269
5369 5270
5370 5271
5272 5371
5273 5372
5274 5373
5275 5374
5276 5375
5376 5277
5377 5278
5378 5279
5280 5379
5281 5380
5282 5381
5283 5382
5284 5383
5384 5285
5385 5286
5386 5287
5288 5387
5289 5388
5290 5389
5291 5390
5292 5391
5392 5293
5393 5294
5394 5295
5296 5395
5297 5396
5298 5397
5299 5300 5398
5300
5400 5301
5401 5302
5402 5303
5304 5403
5305 5404
5306 5405
5307 5406
5308 5407
5408 5309
5409 5310
5410 5311
5312 5411
5313 5412
5314 5413
5315 5414
5316 5415
5416 5317
5417 5318
5418 5319
5320 5419
5321 5420
5322 5421
5323 5422
5324 5423
5424 5325
5425 5326
5426 5327
5328 5427
5329 5428
5330 5429
5331 5430
5332 5431
5432 5333
5433 5334
5434 5335
5336 5435
5337 5436
5338 5437
5339 5438
5340 5439
5440 5341
5441 5342
5442 5343
5344 5443
5345 5444
5346 5445
5347 5446
5348 5447
5448 5349
5449 5350
5450 5351
5352 5451
5353 5452
5354 5453
5355 5454
5356 5455
5456 5357
5457 5358
5458 5359
5360 5459
5361 5460
5362 5461
5363 5462
5364 5463
5464 5365
5465 5366
5466 5367
5368 5467
5369 5468
5370 5469
5371 5470
5372 5471
5472 5373
5473 5374
5474 5375
5376 5475
5377 5476
5378 5477
5379 5478
5380 5479
5480 5381
5481 5382
5482 5383
5384 5483
5385 5484
5386 5485
5387 5486
5388 5487
5488 5389
5489 5390
5490 5391
5392 5491
5393 5492
5394 5493
5395 5494
5396 5495
5496 5397
5497 5398
5400 5498 5399
5400
5401 5500
5402 5501
5403 5502
5404 5503
5504 5405
5505 5406
5506 5407
5408 5507
5409 5508
5410 5509
5411 5510
5412 5511
5512 5413
5513 5414
5514 5415
5416 5515
5417 5516
5418 5517
5419 5518
5420 5519
5520 5421
5521 5422
5522 5423
5424 5523
5425 5524
5426 5525
5427 5526
5428 5527
5528 5429
5529 5430
5530 5431
5432 5531
5433 5532
5434 5533
5435 5534
5436 5535
5536 5437
5537 5438
5538 5439
5440 5539
5441 5540
5442 5541
5443 5542
5444 5543
5544 5445
5545 5446
5546 5447
5448 5547
5449 5548
5450 5549
5451 5550
5452 5551
5552 5453
5553 5454
5554 5455
5456 5555
5457 5556
5458 5557
5459 5558
5460 5559
5560 5461
5561 5462
5562 5463
5464 5563
5465 5564
5466 5565
5467 5566
5468 5567
5568 5469
5569 5470
5570 5471
5472 5571
5473 5572
5474 5573
5475 5574
5476 5575
5576 5477
5577 5478
5578 5479
5480 5579
5481 5580
5482 5581
5483 5582
5484 5583
5584 5485
5585 5486
5586 5487
5488 5587
5489 5588
5490 5589
5491 5590
5492 5591
5592 5493
5593 5494
5594 5495
5496 5595
5497 5596
5498 5597
5499 5500 5598
5500
5600 5501
5601 5502
5602 5503
5504 5603
5505 5604
5506 5605
5507 5606
5508 5607
5608 5509
5609 5510
5610 5511
5512 5611
5513 5612
5514 5613
5515 5614
5516 5615
5616 5517
5617 5518
5618 5519
5520 5619
5521 5620
5522 5621
5523 5622
5524 5623
5624 5525
5625 5526
5626 5527
5528 5627
5529 5628
5530 5629
5531 5630
5532 5631
5632 5533
5633 5534
5634 5535
5536 5635
5537 5636
5538 5637
5539 5638
5540 5639
5640 5541
5641 5542
5642 5543
5544 5643
5545 5644
5546 5645
5547 5646
5548 5647
5648 5549
5649 5550
5650 5551
5552 5651
5553 5652
5554 5653
5555 5654
5556 5655
5656 5557
5657 5558
5658 5559
5560 5659
5561 5660
5562 5661
5563 5662
5564 5663
5664 5565
5665 5566
5666 5567
5568 5667
5569 5668
5570 5669
5571 5670
5572 5671
5672 5573
5673 5574
5674 5575
5576 5675
5577 5676
5578 5677
5579 5678
5580 5679
5680 5581
5681 5582
5682 5583
5584 5683
5585 5684
5586 5685
5587 5686
5588 5687
5688 5589
5689 5590
5690 5591
5592 5691
5593 5692
5594 5693
5595 5694
5596 5695
5696 5597
5697 5598
5600 5698 5599
5600
5601 5700
5602 5701
5603 5702
5604 5703
5704 5605
5705 5606
5706 5607
5608 5707
5609 5708
5610 5709
5611 5710
5612 5711
5712 5613
5713 5614
5714 5615
5616 5715
5617 5716
5618 5717
5619 5718
5620 5719
5720 5621
5721 5622
5722 5623
5624 5723
5625 5724
5626 5725
5627 5726
5628 5727
5728 5629
5729 5630
5730 5631
5632 5731
5633 5732
5634 5733
5635 5734
5636 5735
5736 5637
5737 5638
5738 5639
5640 5739
5641 5740
5642 5741
5643 5742
5644 5743
5744 5645
5745 5646
5746 5647
5648 5747
5649 5748
5650 5749
5651 5750
5652 5751
5752 5653
5753 5654
5754 5655
5656 5755
5657 5756
5658 5757
5659 5758
5660 5759
5760 5661
5761 5662
5762 5663
5664 5763
5665 5764
5666 5765
5667 5766
5668 5767
5768 5669
5769 5670
5770 5671
5672 5771
5673 5772
5674 5773
5675 5774
5676 5775
5776 5677
5777 5678
5778 5679
5680 5779
5681 5780
5682 5781
5683 5782
5684 5783
5784 5685
5785 5686
5786 5687
5688 5787
5689 5788
5690 5789
5691 5790
5692 5791
5792 5693
5793 5694
5794 5695
5696 5795
5697 5796
5698 5797
5699 5700 5798
5700
5800 5701
5801 5702
5802 5703
5704 5803
5705 5804
5706 5805
5707 5806
5708 5807
5808 5709
5809 5710
5810 5711
5712 5811
5713 5812
5714 5813
5715 5814
5716 5815
5816 5717
5817 5718
5818 5719
5720 5819
5721 5820
5722 5821
5723 5822
5724 5823
5824 5725
5825 5726
5826 5727
5728 5827
5729 5828
5730 5829
5731 5830
5732 5831
5832 5733
5833 5734
5834 5735
5736 5835
5737 5836
5738 5837
5739 5838
5740 5839
5840 5741
5841 5742
5842 5743
5744 5843
5745 5844
5746 5845
5747 5846
5748 5847
5848 5749
5849 5750
5850 5751
5752 5851
5753 5852
5754 5853
5755 5854
5756 5855
5856 5757
5857 5758
5858 5759
5760 5859
5761 5860
5762 5861
5763 5862
5764 5863
5864 5765
5865 5766
5866 5767
5768 5867
5769 5868
5770 5869
5771 5870
5772 5871
5872 5773
5873 5774
5874 5775
5776 5875
5777 5876
5778 5877
5779 5878
5780 5879
5880 5781
5881 5782
5882 5783
5784 5883
5785 5884
5786 5885
5787 5886
5788 5887
5888 5789
5889 5790
5890 5791
5792 5891
5793 5892
5794 5893
5795 5894
5796 5895
5896 5797
5897 5798
5800 5898 5799
5800
5801 5900
5802 5901
5803 5902
5804 5903
5904 5805
5905 5806
5906 5807
5808 5907
5809 5908
5810 5909
5811 5910
5812 5911
5912 5813
5913 5814
5914 5815
5816 5915
5817 5916
5818 5917
5819 5918
5820 5919
5920 5821
5921 5822
5922 5823
5824 5923
5825 5924
5826 5925
5827 5926
5828 5927
5928 5829
5929 5830
5930 5831
5832 5931
5833 5932
5834 5933
5835 5934
5836 5935
5936 5837
5937 5838
5938 5839
5840 5939
5841 5940
5842 5941
5843 5942
5844 5943
5944 5845
5945 5846
5946 5847
5848 5947
5849 5948
5850 5949
5851 5950
5852 5951
5952 5853
5953 5854
5954 5855
5856 5955
5857 5956
5858 5957
5859 5958
5860 5959
5960 5861
5961 5862
5962 5863
5864 5963
5865 5964
5866 5965
5867 5966
5868 5967
5968 5869
5969 5870
5970 5871
5872 5971
5873 5972
5874 5973
5875 5974
5876 5975
5976 5877
5977 5878
5978 5879
5880 5979
5881 5980
5882 5981
5883 5982
5884 5983
5984 5885
5985 5886
5986 5887
5888 5987
5889 5988
5890 5989
5891 5990
5892 5991
5992 5893
5993 5894
5994 5895
5896 5995
5897 5996
5898 5997
5899 5900 5998
5900
6000 5901
6001 5902
6002 5903
5904 6003
5905 6004
5906 6005
5907 6006
5908 6007
6008 5909
6009 5910
6010 5911
5912 6011
5913 6012
5914 6013
5915 6014
5916 6015
6016 5917
6017 5918
6018 5919
5920 6019
5921 6020
5922 6021
5923 6022
5924 6023
6024 5925
6025 5926
6026 5927
5928 6027
5929 6028
5930 6029
5931 6030
5932 6031
6032 5933
6033 5934
6034 5935
5936 6035
5937 6036
5938 6037
5939 6038
5940 6039
6040 5941
6041 5942
6042 5943
5944 6043
5945 6044
5946 6045
5947 6046
5948 6047
6048 5949
6049 5950
6050 5951
5952 6051
5953 6052
5954 6053
5955 6054
5956 6055
6056 5957
6057 5958
6058 5959
5960 6059
5961 6060
5962 6061
5963 6062
5964 6063
6064 5965
6065 5966
6066 5967
5968 6067
5969 6068
5970 6069
5971 6070
5972 6071
6072 5973
6073 5974
6074 5975
5976 6075
5977 6076
5978 6077
5979 6078
5980 6079
6080 5981
6081 5982
6082 5983
5984 6083
5985 6084
5986 6085
5987 6086
5988 6087
6088 5989
6089 5990
6090 5991
5992 6091
5993 6092
5994 6093
5995 6094
5996 6095
6096 5997
6097 5998
6000 6098 5999
6000
6001 6100
6002 6101
6003 6102
6004 6103
6104 6005
6105 6006
6106 6007
6008 6107
6009 6108
6010 6109
6011 6110
6012 6111
6112 6013
6113 6014
6114 6015
6016 6115
6017 6116
6018 6117
6019 6118
6020 6119
6120 6021
6121 6022
6122 6023
6024 6123
6025 6124
6026 6125
6027 6126
6028 6127
6128 6029
6129 6030
6130 6031
6032 6131
6033 6132
6034 6133
6035 6134
6036 6135
6136 6037
6137 6038
6138 6039
6040 6139
6041 6140
6042 6141
6043 6142
6044 6143
6144 6045
6145 6046
6146 6047
6048 6147
6049 6148
6050 6149
6051 6150
6052 6151
6152 6053
6153 6054
6154 6055
6056 6155
6057 6156
6058 6157
6059 6158
6060 6159
6160 6061
6161 6062
6162 6063
6064 6163
6065 6164
6066 6165
6067 6166
6068 6167
6168 6069
6169 6070
6170 6071
6072 6171
6073 6172
6074 6173
6075 6174
6076 6175
6176 6077
6177 6078
6178 6079
6080 6179
6081 6180
6082 6181
6083 6182
6084 6183
6184 6085
6185 6086
6186 6087
6088 6187
6089 6188
6090 6189
6091 6190
6092 6191
6192 6093
6193 6094
6194 6095
6096 6195
6097 6196
6098 6197
6099 6100 6198
6100
6200 6101
6201 6102
6202 6103
6104 6203
6105 6204
6106 6205
6107 6206
6108 6207
6208 6109
6209 6110
6210 6111
6112 6211
6113 6212
6114 6213
6115 6214
6116 6215
6216 6117
6217 6118
6218 6119
6120 6219
6121 6220
6122 6221
6123 6222
6124 6223
6224 6125
6225 6126
6226 6127
6128 6227
6129 6228
6130 6229
6131 6230
6132 6231
6232 6133
6233 6134
6234 6135
6136 6235
6137 6236
6138 6237
6139 6238
6140 6239
6240 6141
6241 6142
6242 6143
6144 6243
6145 6244
6146 6245
6147 6246
6148 6247
6248 6149
6249 6150
6250 6151
6152 6251
6153 6252
6154 6253
6155 6254
6156 6255
6256 6157
6257 6158
6258 6159
6160 6259
6161 6260
6162 6261
6163 6262
6164 6263
6264 6165
6265 6166
6266 6167
6168 6267
6169 6268
6170 6269
6171 6270
6172 6271
6272 6173
6273 6174
6274 6175
6176 6275
6177 6276
6178 6277
6179 6278
6180 6279
6280 6181
6281 6182
6282 6183
6184 6283
6185 6284
6186 6285
6187 6286
6188 6287
6288 6189
6289 6190
6290 6191
6192 6291
6193 6292
6194 6293
6195 6294
6196 6295
6296 6197
6297 6198
6200 6298 6199
6200
6201 6300
6202 6301
6203 6302
6204 6303
6304 6205
6305 6206
6306 6207
6208 6307
6209 6308
6210 6309
6211 6310
6212 6311
6312 6213
6313 6214
6314 6215
6216 6315
6217 6316
6218 6317
6219 6318
6220 6319
6320 6221
6321 6222
6322 6223
6224 6323
6225 6324
6226 6325
6227 6326
6228 6327
6328 6229
6329 6230
6330 6231
6232 6331
6233 6332
6234 6333
6235 6334
6236 6335
6336 6237
6337 6238
6338 6239
6240 6339
6241 6340
6242 6341
6243 6342
6244 6343
6344 6245
6345 6246
6346 6247
6248 6347
6249 6348
6250 6349
6251 6350
6252 6351
6352 6253
6353 6254
6354 6255
6256 6355
6257 6356
6258 6357
6259 6358
6260 6359
6360 6261
6361 6262
6362 6263
6264 6363
6265 6364
6266 6365
6267 6366
6268 6367
6368 6269
6369 6270
6370 6271
6272 6371
6273 6372
6274 6373
6275 6374
6276 6375
6376 6277
6377 6278
6378 6279
6280 6379
6281 6380
6282 6381
6283 6382
6284 6383
6384 6285
6385 6286
6386 6287
6288 6387
6289 6388
6290 6389
6291 6390
6292 6391
6392 6293
6393 6294
6394 6295
6296 6395
6297 6396
6298 6397
6299 6300 6398
6300
6400 6301
6401 6302
6402 6303
6304 6403
6305 6404
6306 6405
6307 6406
6308 6407
6408 6309
6409 6310
6410 6311
6312 6411
6313 6412
6314 6413
6315 6414
6316 6415
6416 6317
6417 6318
6418 6319
6320 6419
6321 6420
6322 6421
6323 6422
6324 6423
6424 6325
6425 6326
6426 6327
6328 6427
6329 6428
6330 6429
6331 6430
6332 6431
6432 6333
6433 6334
6434 6335
6336 6435
6337 6436
6338 6437
6339 6438
6340 6439
6440 6341
6441 6342
6442 6343
6344 6443
6345 6444
6346 6445
6347 6446
6348 6447
6448 6349
6449 6350
6450 6351
6352 6451
6353 6452
6354 6453
6355 6454
6356 6455
6456 6357
6457 6358
6458 6359
6360 6459
6361 6460
6362 6461
6363 6462
6364 6463
6464 6365
6465 6366
6466 6367
6368 6467
6369 6468
6370 6469
6371 6470
6372 6471
6472 6373
6473 6374
6474 6375
6376 6475
6377 6476
6378 6477
6379 6478
6380 6479
6480 6381
6481 6382
6482 6383
6384 6483
6385 6484
6386 6485
6387 6486
6388 6487
6488 6389
6489 6390
6490 6391
6392 6491
6393 6492
6394 6493
6395 6494
6396 6495
6496 6397
6497 6398
6400 6498 6399
6400
6401 6500
6402 6501
6403 6502
6404 6503
6504 6405
6505 6406
6506 6407
6408 6507
6409 6508
6410 6509
6411 6510
6412 6511
6512 6413
6513 6414
6514 6415
6416 6515
6417 6516
6418 6517
6419 6518
6420 6519
6520 6421
6521 6422
6522 6423
6424 6523
6425 6524
6426 6525
6427 6526
6428 6527
6528 6429
6529 6430
6530 6431
6432 6531
6433 6532
6434 6533
6435 6534
6436 6535
6536 6437
6537 6438
6538 6439
6440 6539
6441 6540
6442 6541
6443 6542
6444 6543
6544 6445
6545 6446
6546 6447
6448 6547
6449 6548
6450 6549
6451 6550
6452 6551
6552 6453
6553 6454
6554 6455
6456 6555
6457 6556
6458 6557
6459 6558
6460 6559
6560 6461
6561 6462
6562 6463
6464 6563
6465 6564
6466 6565
6467 6566
6468 6567
6568 6469
6569 6470
6570 6471
6472 6571
6473 6572
6474 6573
6475 6574
6476 6575
6576 6477
6577 6478
6578 6479
6480 6579
6481 6580
6482 6581
6483 6582
6484 6583
6584 6485
6585 6486
6586 6487
6488 6587
6489 6588
6490 6589
6491 6590
6492 6591
6592 6493
6593 6494
6594 6495
6496 6595
6497 6596
6498 6597
6499 6500 6598
6500
6600 6501
6601 6502
6602 6503
6504 6603
6505 6604
6506 6605
6507 6606
6508 6607
6608 6509
6609 6510
6610 6511
6512 6611
6513 6612
6514 6613
6515 6614
6516 6615
6616 6517
6617 6518
6618 6519
6520 6619
6521 6620
6522 6621
6523 6622
6524 6623
6624 6525
6625 6526
6626 6527
6528 6627
6529 6628
6530 6629
6531 6630
6532 6631
6632 6533
6633 6534
6634 6535
6536 6635
6537 6636
6538 6637
6539 6638
6540 6639
6640 6541
6641 6542
6642 6543
6544 6643
6545 6644
6546 6645
6547 6646
6548 6647
6648 6549
6649 6550
6650 6551
6552 6651
6553 6652
6554 6653
6555 6654
6556 6655
6656 6557
6657 6558
6658 6559
6560 6659
6561 6660
6562 6661
6563 6662
6564 6663
6664 6565
6665 6566
6666 6567
6568 6667
6569 6668
6570 6669
6571 6670
6572 6671
6672 6573
6673 6574
6674 6575
6576 6675
6577 6676
6578 6677
6579 6678
6580 6679
6680 6581
6681 6582
6682 6583
6584 6683
6585 6684
6586 6685
6587 6686
6588 6687
6688 6589
6689 6590
6690 6591
6592 6691
6593 6692
6594 6693
6595 6694
6596 6695
6696 6597
6697 6598
6600 6698 6599
6600
6601 6700
6602 6701
6603 6702
6604 6703
6704 6605
6705 6606
6706 6607
6608 6707
6609 6708
6610 6709
6611 6710
6612 6711
6712 6613
6713 6614
6714 6615
6616 6715
6617 6716
6618 6717
6619 6718
6620 6719
6720 6621
6721 6622
6722 6623
6624 6723
6625 6724
6626 6725
6627 6726
6628 6727
6728 6629
6729 6630
6730 6631
6632 6731
6633 6732
6634 6733
6635 6734
6636 6735
6736 6637
6737 6638
6738 6639
6640 6739
6641 6740
6642 6741
6643 6742
6644 6743
6744 6645
6745 6646
6746 6647
6648 6747
6649 6748
6650 6749
6651 6750
6652 6751
6752 6653
6753 6654
6754 6655
6656 6755
6657 6756
6658 6757
6659 6758
6660 6759
6760 6661
6761 6662
6762 6663
6664 6763
6665 6764
6666 6765
6667 6766
6668 6767
6768 6669
6769 6670
6770 6671
6672 6771
6673 6772
6674 6773
6675 6774
6676 6775
6776 6677
6777 6678
6778 6679
6680 6779
6681 6780
6682 6781
6683 6782
6684 6783
6784 6685
6785 6686
6786 6687
6688 6787
6689 6788
6690 6789
6691 6790
6692 6791
6792 6693
6793 6694
6794 6695
6696 6795
6697 6796
6698 6797
6699 6700 6798
6700
6800 6701
6801 6702
6802 6703
6704 6803
6705 6804
6706 6805
6707 6806
6708 6807
6808 6709
6809 6710
6810 6711
6712 6811
6713 6812
6714 6813
6715 6814
6716 6815
6816 6717
6817 6718
6818 6719
6720 6819
6721 6820
6722 6821
6723 6822
6724 6823
6824 6725
6825 6726
6826 6727
6728 6827
6729 6828
6730 6829
6731 6830
6732 6831
6832 6733
6833 6734
6834 6735
6736 6835
6737 6836
6738 6837
6739 6838
6740 6839
6840 6741
6841 6742
6842 6743
6744 6843
6745 6844
6746 6845
6747 6846
6748 6847
6848 6749
6849 6750
6850 6751
6752 6851
6753 6852
6754 6853
6755 6854
6756 6855
6856 6757
6857 6758
6858 6759
6760 6859
6761 6860
6762 6861
6763 6862
6764 6863
6864 6765
6865 6766
6866 6767
6768 6867
6769 6868
6770 6869
6771 6870
6772 6871
6872 6773
6873 6774
6874 6775
6776 6875
6777 6876
6778 6877
6779 6878
6780 6879
6880 6781
6881 6782
6882 6783
6784 6883
6785 6884
6786 6885
6787 6886
6788 6887
6888 6789
6889 6790
6890 6791
6792 6891
6793 6892
6794 6893
6795 6894
6796 6895
6896 6797
6897 6798
6800 6898 6799
6800
6801 6900
6802 6901
6803 6902
6804 6903
6904 6805
6905 6806
6906 6807
6808 6907
6809 6908
6810 6909
6811 6910
6812 6911
6912 6813
6913 6814
6914 6815
6816 6915
6817 6916
6818 6917
6819 6918
6820 6919
6920 6821
6921 6822
6922 6823
6824 6923
6825 6924
6826 6925
6827 6926
6828 6927
6928 6829
6929 6830
6930 6831
6832 6931
6833 6932
6834 6933
6835 6934
6836 6935
6936 6837
6937 6838
6938 6839
6840 6939
6841 6940
6842 6941
6843 6942
6844 6943
6944 6845
6945 6846
6946 6847
6848 6947
6849 6948
6850 6949
6851 6950
6852 6951
6952 6853
6953 6854
6954 6855
6856 6955
6857 6956
6858 6957
6859 6958
6860 6959
6960 6861
6961 6862
6962 6863
6864 6963
6865 6964
6866 6965
6867 6966
6868 6967
6968 6869
6969 6870
6970 6871
6872 6971
6873 6972
6874 6973
6875 6974
6876 6975
6976 6877
6977 6878
6978 6879
6880 6979
6881 6980
6882 6981
6883 6982
6884 6983
6984 6885
6985 6886
6986 6887
6888 6987
6889 6988
6890 6989
6891 6990
6892 6991
6992 6893
6993 6894
6994 6895
6896 6995
6897 6996
6898 6997
6899 6900 6998
6900
7000 6901
7001 6902
7002 6903
6904 7003
6905 7004
6906 7005
6907 7006
6908 7007
7008 6909
7009 6910
7010 6911
6912 7011
6913 7012
6914 7013
6915 7014
6916 7015
7016 6917
7017 6918
7018 6919
6920 7019
6921 7020
6922 7021
6923 7022
6924 7023
7024 6925
7025 6926
7026 6927
6928 7027
6929 7028
6930 7029
6931 7030
6932 7031
7032 6933
7033 6934
7034 6935
6936 7035
6937 7036
6938 7037
6939 7038
6940 7039
7040 6941
7041 6942
7042 6943
6944 7043
6945 7044
6946 7045
6947 7046
6948 7047
7048 6949
7049 6950
7050 6951
6952 7051
6953 7052
6954 7053
6955 7054
6956 7055
7056 6957
7057 6958
7058 6959
6960 7059
6961 7060
6962 7061
6963 7062
6964 7063
7064 6965
7065 6966
7066 6967
6968 7067
6969 7068
6970 7069
6971 7070
6972 7071
7072 6973
7073 6974
7074 6975
6976 7075
6977 7076
6978 7077
6979 7078
6980 7079
7080 6981
7081 6982
7082 6983
6984 7083
6985 7084
6986 7085
6987 7086
6988 7087
7088 6989
7089 6990
7090 6991
6992 7091
6993 7092
6994 7093
6995 7094
6996 7095
7096 6997
7097 6998
7000 7098 6999
7000
7001 7100
7002 7101
7003 7102
7004 7103
7104 7005
7105 7006
7106 7007
7008 7107
7009 7108
7010 7109
7011 7110
7012 7111
7112 7013
7113 7014
7114 7015
7016 7115
7017 7116
7018 7117
7019 7118
7020 7119
7120 7021
7121 7022
7122 7023
7024 7123
7025 7124
7026 7125
7027 7126
7028 7127
7128 7029
7129 7030
7130 7031
7032 7131
7033 7132
7034 7133
7035 7134
7036 7135
7136 7037
7137 7038
7138 7039
7040 7139
7041 7140
7042 7141
7043 7142
7044 7143
7144 7045
7145 7046
7146 7047
7048 7147
7049 7148
7050 7149
7051 7150
7052 7151
7152 7053
7153 7054
7154 7055
7056 7155
7057 7156
7058 7157
7059 7158
7060 7159
7160 7061
7161 7062
7162 7063
7064 7163
7065 7164
7066 7165
7067 7166
7068 7167
7168 7069
7169 7070
7170 7071
7072 7171
7073 7172
7074 7173
7075 7174
7076 7175
7176 7077
7177 7078
7178 7079
7080 7179
7081 7180
7082 7181
7083 7182
7084 7183
7184 7085
7185 7086
7186 7087
7088 7187
7089 7188
7090 7189
7091 7190
7092 7191
7192 7093
7193 7094
7194 7095
7096 7195
7097 7196
7098 7197
7099 7100 7198
7100
7200 7101
7201 7102
7202 7103
7104 7203
7105 7204
7106 7205
7107 7206
7108 7207
7208 7109
7209 7110
7210 7111
7112 7211
7113 7212
7114 7213
7115 7214
7116 7215
7216 7117
7217 7118
7218 7119
7120 7219
7121 7220
7122 7221
7123 7222
7124 7223
7224 7125
7225 7126
7226 7127
7128 7227
7129 7228
7130 7229
7131 7230
7132 7231
7232 7133
7233 7134
7234 7135
7136 7235
7137 7236
7138 7237
7139 7238
7140 7239
7240 7141
7241 7142
7242 7143
7144 7243
7145 7244
7146 7245
7147 7246
7148 7247
7248 7149
7249 7150
7250 7151
7152 7251
7153 7252
7154 7253
7155 7254
7156 7255
7256 7157
7257 7158
7258 7159
7160 7259
7161 7260
7162 7261
7163 7262
7164 7263
7264 7165
7265 7166
7266 7167
7168 7267
7169 7268
7170 7269
7171 7270
7172 7271
7272 7173
7273 7174
7274 7175
7176 7275
7177 7276
7178 7277
7179 7278
7180 7279
7280 7181
7281 7182
7282 7183
7184 7283
7185 7284
7186 7285
7187 7286
7188 7287
7288 7189
7289 7190
7290 7191
7192 7291
7193 7292
7194 7293
7195 7294
7196 7295
7296 7197
7297 7198
7200 7298 7199
7200
7201 7300
7202 7301
7203 7302
7204 7303
7304 7205
7305 7206
7306 7207
7208 7307
7209 7308
7210 7309
7211 7310
7212 7311
7312 7213
7313 7214
7314 7215
7216 7315
7217 7316
7218 7317
7219 7318
7220 7319
7320 7221
7321 7222
7322 7223
7224 7323
7225 7324
7226 7325
7227 7326
7228 7327
7328 7229
7329 7230
7330 7231
7232 7331
7233 7332
7234 7333
7235 7334
7236 7335
7336 7237
7337 7238
7338 7239
7240 7339
7241 7340
7242 7341
7243 7342
7244 7343
7344 7245
7345 7246
7346 7247
7248 7347
7249 7348
7250 7349
7251 7350
7252 7351
7352 7253
7353 7254
7354 7255
7256 7355
7257 7356
7258 7357
7259 7358
7260 7359
7360 7261
7361 7262
7362 7263
7264 7363
7265 7364
7266 7365
7267 7366
7268 7367
7368 7269
7369 7270
7370 7271
7272 7371
7273 7372
7274 7373
7275 7374
7276 7375
7376 7277
7377 7278
7378 7279
7280 7379
7281 7380
7282 7381
7283 7382
7284 7383
7384 7285
7385 7286
7386 7287
7288 7387
7289 7388
7290 7389
7291 7390
7292 7391
7392 7293
7393 7294
7394 7295
7296 7395
7297 7396
7298 7397
7299 7300 7398
7300
7400 7301
7401 7302
7402 7303
7304 7403
7305 7404
7306 7405
7307 7406
7308 7407
7408 7309
7409 7310
7410 7311
7312 7411
7313 7412
7314 7413
7315 7414
7316 7415
7416 7317
7417 7318
7418 7319
7320 7419
7321 7420
7322 7421
7323 7422
7324 7423
7424 7325
7425 7326
7426 7327
7328 7427
7329 7428
7330 7429
7331 7430
7332 7431
7432 7333
7433 7334
7434 7335
7336 7435
7337 7436
7338 7437
7339 7438
7340 7439
7440 7341
7441 7342
7442 7343
7344 7443
7345 7444
7346 7445
7347 7446
7348 7447
7448 7349
7449 7350
7450 7351
7352 7451
7353 7452
7354 7453
7355 7454
7356 7455
7456 7357
7457 7358
7458 7359
7360 7459
7361 7460
7362 7461
7363 7462
7364 7463
7464 7365
7465 7366
7466 7367
7368 7467
7369 7468
7370 7469
7371 7470
7372 7471
7472 7373
7473 7374
7474 7375
7376 7475
7377 7476
7378 7477
7379 7478
7380 7479
7480 7381
7481 7382
7482 7383
7384 7483
7385 7484
7386 7485
7387 7486
7388 7487
7488 7389
7489 7390
7490 7391
7392 7491
7393 7492
7394 7493
7395 7494
7396 7495
7496 7397
7497 7398
7400 7498 7399
7400
7401 7500
7402 7501
7403 7502
7404 7503
7504 7405
7505 7406
7506 7407
7408 7507
7409 7508
7410 7509
7411 7510
7412 7511
7512 7413
7513 7414
7514 7415
7416 7515
7417 7516
7418 7517
7419 7518
7420 7519
7520 7421
7521 7422
7522 7423
7424 7523
7425 7524
7426 7525
7427 7526
7428 7527
7528 7429
7529 7430
7530 7431
7432 7531
7433 7532
7434 7533
7435 7534
7436 7535
7536 7437
7537 7438
7538 7439
7440 7539
7441 7540
7442 7541
7443 7542
7444 7543
7544 7445
7545 7446
7546 7447
7448 7547
7449 7548
7450 7549
7451 7550
7452 7551
7552 7453
7553 7454
7554 7455
7456 7555
7457 7556
7458 7557
7459 7558
7460 7559
7560 7461
7561 7462
7562 7463
7464 7563
7465 7564
7466 7565
7467 7566
7468 7567
7568 7469
7569 7470
7570 7471
7472 7571
7473 7572
7474 7573
7475 7574
7476 7575
7576 7477
7577 7478
7578 7479
7480 7579
7481 7580
7482 7581
7483 7582
7484 7583
7584 7485
7585 7486
7586 7487
7488 7587
7489 7588
7490 7589
7491 7590
7492 7591
7592 7493
7593 7494
7594 7495
7496 7595
7497 7596
7498 7597
7499 7500 7598
7500
7600 7501
7601 7502
7602 7503
7504 7603
7505 7604
7506 7605
7507 7606
7508 7607
7608 7509
7609 7510
7610 7511
7512 7611
7513 7612
7514 7613
7515 7614
7516 7615
7616 7517
7617 7518
7618 7519
7520 7619
7521 7620
7522 7621
7523 7622
7524 7623
7624 7525
7625 7526
7626 7527
7528 7627
7529 7628
7530 7629
7531 7630
7532 7631
7632 7533
7633 7534
7634 7535
7536 7635
7537 7636
7538 7637
7539 7638
7540 7639
7640 7541
7641 7542
7642 7543
7544 7643
7545 7644
7546 7645
7547 7646
7548 7647
7648 7549
7649 7550
7650 7551
7552 7651
7553 7652
7554 7653
7555 7654
7556 7655
7656 7557
7657 7558
7658 7559
7560 7659
7561 7660
7562 7661
7563 7662
7564 7663
7664 7565
7665 7566
7666 7567
7568 7667
7569 7668
7570 7669
7571 7670
7572 7671
7672 7573
7673 7574
7674 7575
7576 7675
7577 7676
7578 7677
7579 7678
7580 7679
7680 7581
7681 7582
7682 7583
7584 7683
7585 7684
7586 7685
7587 7686
7588 7687
7688 7589
7689 7590
7690 7591
7592 7691
7593 7692
7594 7693
7595 7694
7596 7695
7696 7597
7697 7598
7600 7698 7599
7600
7601 7700
7602 7701
7603 7702
7604 7703
7704 7605
7705 7606
7706 7607
7608 7707
7609 7708
7610 7709
7611 7710
7612 7711
7712 7613
7713 7614
7714 7615
7616 7715
7617 7716
7618 7717
7619 7718
7620 7719
7720 7621
7721 7622
7722 7623
7624 7723
7625 7724
7626 7725
7627 7726
7628 7727
7728 7629
7729 7630
7730 7631
7632 7731
7633 7732
7634 7733
7635 7734
7636 7735
7736 7637
7737 7638
7738 7639
7640 7739
7641 7740
7642 7741
7643 7742
7644 7743
7744 7645
7745 7646
7746 7647
7648 7747
7649 7748
7650 7749
7651 7750
7652 7751
7752 7653
7753 7654
7754 7655
7656 7755
7657 7756
7658 7757
7659 7758
7660 7759
7760 7661
7761 7662
7762 7663
7664 7763
7665 7764
7666 7765
7667 7766
7668 7767
7768 7669
7769 7670
7770 7671
7672 7771
7673 7772
7674 7773
7675 7774
7676 7775
7776 7677
7777 7678
7778 7679
7680 7779
7681 7780
7682 7781
7683 7782
7684 7783
7784 7685
7785 7686
7786 7687
7688 7787
7689 7788
7690 7789
7691 7790
7692 7791
7792 7693
7793 7694
7794 7695
7696 7795
7697 7796
7698 7797
7699 7700 7798
7700
7800 7701
7801 7702
7802 7703
7704 7803
7705 7804
7706 7805
7707 7806
7708 7807
7808 7709
7809 7710
7810 7711
7712 7811
7713 7812
7714 7813
7715 7814
7716 7815
7816 7717
7817 7718
7818 7719
7720 7819
7721 7820
7722 7821
7723 7822
7724 7823
7824 7725
7825 7726
7826 7727
7728 7827
7729 7828
7730 7829
7731 7830
7732 7831
7832 7733
7833 7734
7834 7735
7736 7835
7737 7836
7738 7837
7739 7838
7740 7839
7840 7741
7841 7742
7842 7743
7744 7843
7745 7844
7746 7845
7747 7846
7748 7847
7848 7749
7849 7750
7850 7751
7752 7851
7753 7852
7754 7853
7755 7854
7756 7855
7856 7757
7857 7758
7858 7759
7760 7859
7761 7860
7762 7861
7763 7862
7764 7863
7864 7765
7865 7766
7866 7767
7768 7867
7769 7868
7770 7869
7771 7870
7772 7871
7872 7773
7873 7774
7874 7775
7776 7875
7777 7876
7778 7877
7779 7878
7780 7879
7880 7781
7881 7782
7882 7783
7784 7883
7785 7884
7786 7885
7787 7886
7788 7887
7888 7789
7889 7790
7890 7791
7792 7891
7793 7892
7794 7893
7795 7894
7796 7895
7896 7797
7897 7798
7800 7898 7799
7800
7801 7900
7802 7901
7803 7902
7804 7903
7904 7805
7905 7806
7906 7807
7808 7907
7809 7908
7810 7909
7811 7910
7812 7911
7912 7813
7913 7814
7914 7815
7816 7915
7817 7916
7818 7917
7819 7918
7820 7919
7920 7821
7921 7822
7922 7823
7824 7923
7825 7924
7826 7925
7827 7926
7828 7927
7928 7829
7929 7830
7930 7831
7832 7931
7833 7932
7834 7933
7835 7934
7836 7935
7936 7837
7937 7838
7938 7839
7840 7939
7841 7940
7842 7941
7843 7942
7844 7943
7944 7845
7945 7846
7946 7847
7848 7947
7849 7948
7850 7949
7851 7950
7852 7951
7952 7853
7953 7854
7954 7855
7856 7955
7857 7956
7858 7957
7859 7958
7860 7959
7960 7861
7961 7862
7962 7863
7864 7963
7865 7964
7866 7965
7867 7966
7868 7967
7968 7869
7969 7870
7970 7871
7872 7971
7873 7972
7874 7973
7875 7974
7876 7975
7976 7877
7977 7878
7978 7879
7880 7979
7881 7980
7882 7981
7883 7982
7884 7983
7984 7885
7985 7886
7986 7887
7888 7987
7889 7988
7890 7989
7891 7990
7892 7991
7992 7893
7993 7894
7994 7895
7896 7995
7897 7996
7898 7997
7899 7900 7998
7900
8000 7901
8001 7902
8002 7903
7904 8003
7905 8004
7906 8005
7907 8006
7908 8007
8008 7909
8009 7910
8010 7911
7912 8011
7913 8012
7914 8013
7915 8014
7916 8015
8016 7917
8017 7918
8018 7919
7920 8019
7921 8020
7922 8021
7923 8022
7924 8023
8024 7925
8025 7926
8026 7927
7928 8027
7929 8028
7930 8029
7931 8030
7932 8031
8032 7933
8033 7934
8034 7935
7936 8035
7937 8036
7938 8037
7939 8038
7940 8039
8040 7941
8041 7942
8042 7943
7944 8043
7945 8044
7946 8045
7947 8046
7948 8047
8048 7949
8049 7950
8050 7951
7952 8051
7953 8052
7954 8053
7955 8054
7956 8055
8056 7957
8057 7958
8058 7959
7960 8059
7961 8060
7962 8061
7963 8062
7964 8063
8064 7965
8065 7966
8066 7967
7968 8067
7969 8068
7970 8069
7971 8070
7972 8071
8072 7973
8073 7974
8074 7975
7976 8075
7977 8076
7978 8077
7979 8078
7980 8079
8080 7981
8081 7982
8082 7983
7984 8083
7985 8084
7986 8085
7987 8086
7988 8087
8088 7989
8089 7990
8090 7991
7992 8091
7993 8092
7994 8093
7995 8094
7996 8095
8096 7997
8097 7998
8000 8098 7999
8000
8001 8100
8002 8101
8003 8102
8004 8103
8104 8005
8105 8006
8106 8007
8008 8107
8009 8108
8010 8109
8011 8110
8012 8111
8112 8013
8113 8014
8114 8015
8016 8115
8017 8116
8018 8117
8019 8118
8020 8119
8120 8021
8121 8022
8122 8023
8024 8123
8025 8124
8026 8125
8027 8126
8028 8127
8128 8029
8129 8030
8130 8031
8032 8131
8033 8132
8034 8133
8035 8134
8036 8135
8136 8037
8137 8038
8138 8039
8040 8139
8041 8140
8042 8141
8043 8142
8044 8143
8144 8045
8145 8046
8146 8047
8048 8147
8049 8148
8050 8149
8051 8150
8052 8151
8152 8053
8153 8054
8154 8055
8056 8155
8057 8156
8058 8157
8059 8158
8060 8159
8160 8061
8161 8062
8162 8063
8064 8163
8065 8164
8066 8165
8067 8166
8068 8167
8168 8069
8169 8070
8170 8071
8072 8171
8073 8172
8074 8173
8075 8174
8076 8175
8176 8077
8177 8078
8178 8079
8080 8179
8081 8180
8082 8181
8083 8182
8084 8183
8184 8085
8185 8086
8186 8087
8088 8187
8089 8188
8090 8189
8091 8190
8092 8191
8192 8093
8193 8094
8194 8095
8096 8195
8097 8196
8098 8197
8099 8100 8198
8100
8200 8101
8201 8102
8202 8103
8104 8203
8105 8204
8106 8205
8107 8206
8108 8207
8208 8109
8209 8110
8210 8111
8112 8211
8113 8212
8114 8213
8115 8214
8116 8215
8216 8117
8217 8118
8218 8119
8120 8219
8121 8220
8122 8221
8123 8222
8124 8223
8224 8125
8225 8126
8226 8127
8128 8227
8129 8228
8130 8229
8131 8230
8132 8231
8232 8133
8233 8134
8234 8135
8136 8235
8137 8236
8138 8237
8139 8238
8140 8239
8240 8141
8241 8142
8242 8143
8144 8243
8145 8244
8146 8245
8147 8246
8148 8247
8248 8149
8249 8150
8250 8151
8152 8251
8153 8252
8154 8253
8155 8254
8156 8255
8256 8157
8257 8158
8258 8159
8160 8259
8161 8260
8162 8261
8163 8262
8164 8263
8264 8165
8265 8166
8266 8167
8168 8267
8169 8268
8170 8269
8171 8270
8172 8271
8272 8173
8273 8174
8274 8175
8176 8275
8177 8276
8178 8277
8179 8278
8180 8279
8280 8181
8281 8182
8282 8183
8184 8283
8185 8284
8186 8285
8187 8286
8188 8287
8288 8189
8289 8190
8290 8191
8192 8291
8193 8292
8194 8293
8195 8294
8196 8295
8296 8197
8297 8198
8200 8298 8199
8200
8201 8300
8202 8301
8203 8302
8204 8303
8304 8205
8305 8206
8306 8207
8208 8307
8209 8308
8210 8309
8211 8310
8212 8311
8312 8213
8313 8214
8314 8215
8216 8315
8217 8316
8218 8317
8219 8318
8220 8319
8320 8221
8321 8222
8322 8223
8224 8323
8225 8324
8226 8325
8227 8326
8228 8327
8328 8229
8329 8230
8330 8231
8232 8331
8233 8332
8234 8333
8235 8334
8236 8335
8336 8237
8337 8238
8338 8239
8240 8339
8241 8340
8242 8341
8243 8342
8244 8343
8344 8245
8345 8246
8346 8247
8248 8347
8249 8348
8250 8349
8251 8350
8252 8351
8352 8253
8353 8254
8354 8255
8256 8355
8257 8356
8258 8357
8259 8358
8260 8359
8360 8261
8361 8262
8362 8263
8264 8363
8265 8364
8266 8365
8267 8366
8268 8367
8368 8269
8369 8270
8370 8271
8272 8371
8273 8372
8274 8373
8275 8374
8276 8375
8376 8277
8377 8278
8378 8279
8280 8379
8281 8380
8282 8381
8283 8382
8284 8383
8384 8285
8385 8286
8386 8287
8288 8387
8289 8388
8290 8389
8291 8390
8292 8391
8392 8293
8393 8294
8394 8295
8296 8395
8297 8396
8298 8397
8299 8300 8398
8300
8400 8301
8401 8302
8402 8303
8304 8403
8305 8404
8306 8405
8307 8406
8308 8407
8408 8309
8409 8310
8410 8311
8312 8411
8313 8412
8314 8413
8315 8414
8316 8415
8416 8317
8417 8318
8418 8319
8320 8419
8321 8420
8322 8421
8323 8422
8324 8423
8424 8325
8425 8326
8426 8327
8328 8427
8329 8428
8330 8429
8331 8430
8332 8431
8432 8333
8433 8334
8434 8335
8336 8435
8337 8436
8338 8437
8339 8438
8340 8439
8440 8341
8441 8342
8442 8343
8344 8443
8345 8444
8346 8445
8347 8446
8348 8447
8448 8349
8449 8350
8450 8351
8352 8451
8353 8452
8354 8453
8355 8454
8356 8455
8456 8357
8457 8358
8458 8359
8360 8459
8361 8460
8362 8461
8363 8462
8364 8463
8464 8365
8465 8366
8466 8367
8368 8467
8369 8468
8370 8469
8371 8470
8372 8471
8472 8373
8473 8374
8474 8375
8376 8475
8377 8476
8378 8477
8379 8478
8380 8479
8480 8381
8481 8382
8482 8383
8384 8483
8385 8484
8386 8485
8387 8486
8388 8487
8488 8389
8489 8390
8490 8391
8392 8491
8393 8492
8394 8493
8395 8494
8396 8495
8496 8397
8497 8398
8400 8498 8399
8400
8401 8500
8402 8501
8403 8502
8404 8503
8504 8405
8505 8406
8506 8407
8408 8507
8409 8508
8410 8509
8411 8510
8412 8511
8512 8413
8513 8414
8514 8415
8416 8515
8417 8516
8418 8517
8419 8518
8420 8519
8520 8421
8521 8422
8522 8423
8424 8523
8425 8524
8426 8525
8427 8526
8428 8527
8528 8429
8529 8430
8530 8431
8432 8531
8433 8532
8434 8533
8435 8534
8436 8535
8536 8437
8537 8438
8538 8439
8440 8539
8441 8540
8442 8541
8443 8542
8444 8543
8544 8445
8545 8446
8546 8447
8448 8547
8449 8548
8450 8549
8451 8550
8452 8551
8552 8453
8553 8454
8554 8455
8456 8555
8457 8556
8458 8557
8459 8558
8460 8559
8560 8461
8561 8462
8562 8463
8464 8563
8465 8564
8466 8565
8467 8566
8468 8567
8568 8469
8569 8470
8570 8471
8472 8571
8473 8572
8474 8573
8475 8574
8476 8575
8576 8477
8577 8478
8578 8479
8480 8579
8481 8580
8482 8581
8483 8582
8484 8583
8584 8485
8585 8486
8586 8487
8488 8587
8489 8588
8490 8589
8491 8590
8492 8591
8592 8493
8593 8494
8594 8495
8496 8595
8497 8596
8498 8597
8499 8500 8598
8500
8600 8501
8601 8502
8602 8503
8504 8603
8505 8604
8506 8605
8507 8606
8508 8607
8608 8509
8609 8510
8610 8511
8512 8611
8513 8612
8514 8613
8515 8614
8516 8615
8616 8517
8617 8518
8618 8519
8520 8619
8521 8620
8522 8621
8523 8622
8524 8623
8624 8525
8625 8526
8626 8527
8528 8627
8529 8628
8530 8629
8531 8630
8532 8631
8632 8533
8633 8534
8634 8535
8536 8635
8537 8636
8538 8637
8539 8638
8540 8639
8640 8541
8641 8542
8642 8543
8544 8643
8545 8644
8546 8645
8547 8646
8548 8647
8648 8549
8649 8550
8650 8551
8552 8651
8553 8652
8554 8653
8555 8654
8556 8655
8656 8557
8657 8558
8658 8559
8560 8659
8561 8660
8562 8661
8563 8662
8564 8663
8664 8565
8665 8566
8666 8567
8568 8667
8569 8668
8570 8669
8571 8670
8572 8671
8672 8573
8673 8574
8674 8575
8576 8675
8577 8676
8578 8677
8579 8678
8580 8679
8680 8581
8681 8582
8682 8583
8584 8683
8585 8684
8586 8685
8587 8686
8588 8687
8688 8589
8689 8590
8690 8591
8592 8691
8593 8692
8594 8693
8595 8694
8596 8695
8696 8597
8697 8598
8600 8698 8599
8600
8601 8700
8602 8701
8603 8702
8604 8703
8704 8605
8705 8606
8706 8607
8608 8707
8609 8708
8610 8709
8611 8710
8612 8711
8712 8613
8713 8614
8714 8615
8616 8715
8617 8716
8618 8717
8619 8718
8620 8719
8720 8621
8721 8622
8722 8623
8624 8723
8625 8724
8626 8725
8627 8726
8628 8727
8728 8629
8729 8630
8730 8631
8632 8731
8633 8732
8634 8733
8635 8734
8636 8735
8736 8637
8737 8638
8738 8639
8640 8739
8641 8740
8642 8741
8643 8742
8644 8743
8744 8645
8745 8646
8746 8647
8648 8747
8649 8748
8650 8749
8651 8750
8652 8751
8752 8653
8753 8654
8754 8655
8656 8755
8657 8756
8658 8757
8659 8758
8660 8759
8760 8661
8761 8662
8762 8663
8664 8763
8665 8764
8666 8765
8667 8766
8668 8767
8768 8669
8769 8670
8770 8671
8672 8771
8673 8772
8674 8773
8675 8774
8676 8775
8776 8677
8777 8678
8778 8679
8680 8779
8681 8780
8682 8781
8683 8782
8684 8783
8784 8685
8785 8686
8786 8687
8688 8787
8689 8788
8690 8789
8691 8790
8692 8791
8792 8693
8793 8694
8794 8695
8696 8795
8697 8796
8698 8797
8699 8700 8798
8700
8800 8701
8801 8702
8802 8703
8704 8803
8705 8804
8706 8805
8707 8806
8708 8807
8808 8709
8809 8710
8810 8711
8712 8811
8713 8812
8714 8813
8715 8814
8716 8815
8816 8717
8817 8718
8818 8719
8720 8819
8721 8820
8722 8821
8723 8822
8724 8823
8824 8725
8825 8726
8826 8727
8728 8827
8729 8828
8730 8829
8731 8830
8732 8831
8832 8733
8833 8734
8834 8735
8736 8835
8737 8836
8738 8837
8739 8838
8740 8839
8840 8741
8841 8742
8842 8743
8744 8843
8745 8844
8746 8845
8747 8846
8748 8847
8848 8749
8849 8750
8850 8751
8752 8851
8753 8852
8754 8853
8755 8854
8756 8855
8856 8757
8857 8758
8858 8759
8760 8859
8761 8860
8762 8861
8763 8862
8764 8863
8864 8765
8865 8766
8866 8767
8768 8867
8769 8868
8770 8869
8771 8870
8772 8871
8872 8773
8873 8774
8874 8775
8776 8875
8777 8876
8778 8877
8779 8878
8780 8879
8880 8781
8881 8782
8882 8783
8784 8883
8785 8884
8786 8885
8787 8886
8788 8887
8888 8789
8889 8790
8890 8791
8792 8891
8793 8892
8794 8893
8795 8894
8796 8895
8896 8797
8897 8798
8800 8898 8799
8800
8801 8900
8802 8901
8803 8902
8804 8903
8904 8805
8905 8806
8906 8807
8808 8907
8809 8908
8810 8909
8811 8910
8812 8911
8912 8813
8913 8814
8914 8815
8816 8915
8817 8916
8818 8917
8819 8918
8820 8919
8920 8821
8921 8822
8922 8823
8824 8923
8825 8924
8826 8925
8827 8926
8828 8927
8928 8829
8929 8830
8930 8831
8832 8931
8833 8932
8834 8933
8835 8934
8836 8935
8936 8837
8937 8838
8938 8839
8840 8939
8841 8940
8842 8941
8843 8942
8844 8943
8944 8845
8945 8846
8946 8847
8848 8947
8849 8948
8850 8949
8851 8950
8852 8951
8952 8853
8953 8854
8954 8855
8856 8955
8857 8956
8858 8957
8859 8958
8860 8959
8960 8861
8961 8862
8962 8863
8864 8963
8865 8964
8866 8965
8867 8966
8868 8967
8968 8869
8969 8870
8970 8871
8872 8971
8873 8972
8874 8973
8875 8974
8876 8975
8976 8877
8977 8878
8978 8879
8880 8979
8881 8980
8882 8981
8883 8982
8884 8983
8984 8885
8985 8886
8986 8887
8888 8987
8889 8988
8890 8989
8891 8990
8892 8991
8992 8893
8993 8894
8994 8895
8896 8995
8897 8996
8898 8997
8899 8900 8998
8900
9000 8901
9001 8902
9002 8903
8904 9003
8905 9004
8906 9005
8907 9006
8908 9007
9008 8909
9009 8910
9010 8911
8912 9011
8913 9012
8914 9013
8915 9014
8916 9015
9016 8917
9017 8918
9018 8919
8920 9019
8921 9020
8922 9021
8923 9022
8924 9023
9024 8925
9025 8926
9026 8927
8928 9027
8929 9028
8930 9029
8931 9030
8932 9031
9032 8933
9033 8934
9034 8935
8936 9035
8937 9036
8938 9037
8939 9038
8940 9039
9040 8941
9041 8942
9042 8943
8944 9043
8945 9044
8946 9045
8947 9046
8948 9047
9048 8949
9049 8950
9050 8951
8952 9051
8953 9052
8954 9053
8955 9054
8956 9055
9056 8957
9057 8958
9058 8959
8960 9059
8961 9060
8962 9061
8963 9062
8964 9063
9064 8965
9065 8966
9066 8967
8968 9067
8969 9068
8970 9069
8971 9070
8972 9071
9072 8973
9073 8974
9074 8975
8976 9075
8977 9076
8978 9077
8979 9078
8980 9079
9080 8981
9081 8982
9082 8983
8984 9083
8985 9084
8986 9085
8987 9086
8988 9087
9088 8989
9089 8990
9090 8991
8992 9091
8993 9092
8994 9093
8995 9094
8996 9095
9096 8997
9097 8998
9000 9098 8999
9000
9001 9100
9002 9101
9003 9102
9004 9103
9104 9005
9105 9006
9106 9007
9008 9107
9009 9108
9010 9109
9011 9110
9012 9111
9112 9013
9113 9014
9114 9015
9016 9115
9017 9116
9018 9117
9019 9118
9020 9119
9120 9021
9121 9022
9122 9023
9024 9123
9025 9124
9026 9125
9027 9126
9028 9127
9128 9029
9129 9030
9130 9031
9032 9131
9033 9132
9034 9133
9035 9134
9036 9135
9136 9037
9137 9038
9138 9039
9040 9139
9041 9140
9042 9141
9043 9142
9044 9143
9144 9045
9145 9046
9146 9047
9048 9147
9049 9148
9050 9149
9051 9150
9052 9151
9152 9053
9153 9054
9154 9055
9056 9155
9057 9156
9058 9157
9059 9158
9060 9159
9160 9061
9161 9062
9162 9063
9064 9163
9065 9164
9066 9165
9067 9166
9068 9167
9168 9069
9169 9070
9170 9071
9072 9171
9073 9172
9074 9173
9075 9174
9076 9175
9176 9077
9177 9078
9178 9079
9080 9179
9081 9180
9082 9181
9083 9182
9084 9183
9184 9085
9185 9086
9186 9087
9088 9187
9089 9188
9090 9189
9091 9190
9092 9191
9192 9093
9193 9094
9194 9095
9096 9195
9097 9196
9098 9197
9099 9100 9198
9100
9200 9101
9201 9102
9202 9103
9104 9203
9105 9204
9106 9205
9107 9206
9108 9207
9208 9109
9209 9110
9210 9111
9112 9211
9113 9212
9114 9213
9115 9214
9116 9215
9216 9117
9217 9118
9218 9119
9120 9219
9121 9220
9122 9221
9123 9222
9124 9223
9224 9125
9225 9126
9226 9127
9128 9227
9129 9228
9130 9229
9131 9230
9132 9231
9232 9133
9233 9134
9234 9135
9136 9235
9137 9236
9138 9237
9139 9238
9140 9239
9240 9141
9241 9142
9242 9143
9144 9243
9145 9244
9146 9245
9147 9246
9148 9247
9248 9149
9249 9150
9250 9151
9152 9251
9153 9252
9154 9253
9155 9254
9156 9255
9256 9157
9257 9158
9258 9159
9160 9259
9161 9260
9162 9261
9163 9262
9164 9263
9264 9165
9265 9166
9266 9167
9168 9267
9169 9268
9170 9269
9171 9270
9172 9271
9272 9173
9273 9174
9274 9175
9176 9275
9177 9276
9178 9277
9179 9278
9180 9279
9280 9181
9281 9182
9282 9183
9184 9283
9185 9284
9186 9285
9187 9286
9188 9287
9288 9189
9289 9190
9290 9191
9192 9291
9193 9292
9194 9293
9195 9294
9196 9295
9296 9197
9297 9198
9200 9298 9199
9200
9201 9300
9202 9301
9203 9302
9204 9303
9304 9205
9305 9206
9306 9207
9208 9307
9209 9308
9210 9309
9211 9310
9212 9311
9312 9213
9313 9214
9314 9215
9216 9315
9217 9316
9218 9317
9219 9318
9220 9319
9320 9221
9321 9222
9322 9223
9224 9323
9225 9324
9226 9325
9227 9326
9228 9327
9328 9229
9329 9230
9330 9231
9232 9331
9233 9332
9234 9333
9235 9334
9236 9335
9336 9237
9337 9238
9338 9239
9240 9339
9241 9340
9242 9341
9243 9342
9244 9343
9344 9245
9345 9246
9346 9247
9248 9347
9249 9348
9250 9349
9251 9350
9252 9351
9352 9253
9353 9254
9354 9255
9256 9355
9257 9356
9258 9357
9259 9358
9260 9359
9360 9261
9361 9262
9362 9263
9264 9363
9265 9364
9266 9365
9267 9366
9268 9367
9368 9269
9369 9270
9370 9271
9272 9371
9273 9372
9274 9373
9275 9374
9276 9375
9376 9277
9377 9278
9378 9279
9280 9379
9281 9380
9282 9381
9283 9382
9284 9383
9384 9285
9385 9286
9386 9287
9288 9387
9289 9388
9290 9389
9291 9390
9292 9391
9392 9293
9393 9294
9394 9295
9296 9395
9297 9396
9298 9397
9299 9300 9398
9300
9400 9301
9401 9302
9402 9303
9304 9403
9305 9404
9306 9405
9307 9406
9308 9407
9408 9309
9409 9310
9410 9311
9312 9411
9313 9412
9314 9413
9315 9414
9316 9415
9416 9317
9417 9318
9418 9319
9320 9419
9321 9420
9322 9421
9323 9422
9324 9423
9424 9325
9425 9326
9426 9327
9328 9427
9329 9428
9330 9429
9331 9430
9332 9431
9432 9333
9433 9334
9434 9335
9336 9435
9337 9436
9338 9437
9339 9438
9340 9439
9440 9341
9441 9342
9442 9343
9344 9443
9345 9444
9346 9445
9347 9446
9348 9447
9448 9349
9449 9350
9450 9351
9352 9451
9353 9452
9354 9453
9355 9454
9356 9455
9456 9357
9457 9358
9458 9359
9360 9459
9361 9460
9362 9461
9363 9462
9364 9463
9464 9365
9465 9366
9466 9367
9368 9467
9369 9468
9370 9469
9371 9470
9372 9471
9472 9373
9473 9374
9474 9375
9376 9475
9377 9476
9378 9477
9379 9478
9380 9479
9480 9381
9481 9382
9482 9383
9384 9483
9385 9484
9386 9485
9387 9486
9388 9487
9488 9389
9489 9390
9490 9391
9392 9491
9393 9492
9394 9493
9395 9494
9396 9495
9496 9397
9497 9398
9400 9498 9399
9400
9401 9500
9402 9501
9403 9502
9404 9503
9504 9405
9505 9406
9506 9407
9408 9507
9409 9508
9410 9509
9411 9510
9412 9511
9512 9413
9513 9414
9514 9415
9416 9515
9417 9516
9418 9517
9419 9518
9420 9519
9520 9421
9521 9422
9522 9423
9424 9523
9425 9524
9426 9525
9427 9526
9428 9527
9528 9429
9529 9430
9530 9431
9432 9531
9433 9532
9434 9533
9435 9534
9436 9535
9536 9437
9537 9438
9538 9439
9440 9539
9441 9540
9442 9541
9443 9542
9444 9543
9544 9445
9545 9446
9546 9447
9448 9547
9449 9548
9450 9549
9451 9550
9452 9551
9552 9453
9553 9454
9554 9455
9456 9555
9457 9556
9458 9557
9459 9558
9460 9559
9560 9461
9561 9462
9562 9463
9464 9563
9465 9564
9466 9565
9467 9566
9468 9567
9568 9469
9569 9470
9570 9471
9472 9571
9473 9572
9474 9573
9475 9574
9476 9575
9576 9477
9577 9478
9578 9479
9480 9579
9481 9580
9482 9581
9483 9582
9484 9583
9584 9485
9585 9486
9586 9487
9488 9587
9489 9588
9490 9589
9491 9590
9492 9591
9592 9493
9593 9494
9594 9495
9496 9595
9497 9596
9498 9597
9499 9500 9598
9500
9600 9501
9601 9502
9602 9503
9504 9603
9505 9604
9506 9605
9507 9606
9508 9607
9608 9509
9609 9510
9610 9511
9512 9611
9513 9612
9514 9613
9515 9614
9516 9615
9616 9517
9617 9518
9618 9519
9520 9619
9521 9620
9522 9621
9523 9622
9524 9623
9624 9525
9625 9526
9626 9527
9528 9627
9529 9628
9530 9629
9531 9630
9532 9631
9632 9533
9633 9534
9634 9535
9536 9635
9537 9636
9538 9637
9539 9638
9540 9639
9640 9541
9641 9542
9642 9543
9544 9643
9545 9644
9546 9645
9547 9646
9548 9647
9648 9549
9649 9550
9650 9551
9552 9651
9553 9652
9554 9653
9555 9654
9556 9655
9656 9557
9657 9558
9658 9559
9560 9659
9561 9660
9562 9661
9563 9662
9564 9663
9664 9565
9665 9566
9666 9567
9568 9667
9569 9668
9570 9669
9571 9670
9572 9671
9672 9573
9673 9574
9674 9575
9576 9675
9577 9676
9578 9677
9579 9678
9580 9679
9680 9581
9681 9582
9682 9583
9584 9683
9585 9684
9586 9685
9587 9686
9588 9687
9688 9589
9689 9590
9690 9591
9592 9691
9593 9692
9594 9693
9595 9694
9596 9695
9696 9597
9697 9598
9600 9698 9599
9600
9601 9700
9602 9701
9603 9702
9604 9703
9704 9605
9705 9606
9706 9607
9608 9707
9609 9708
9610 9709
9611 9710
9612 9711
9712 9613
9713 9614
9714 9615
9616 9715
9617 9716
9618 9717
9619 9718
9620 9719
9720 9621
9721 9622
9722 9623
9624 9723
9625 9724
9626 9725
9627 9726
9628 9727
9728 9629
9729 9630
9730 9631
9632 9731
9633 9732
9634 9733
9635 9734
9636 9735
9736 9637
9737 9638
9738 9639
9640 9739
9641 9740
9642 9741
9643 9742
9644 9743
9744 9645
9745 9646
9746 9647
9648 9747
9649 9748
9650 9749
9651 9750
9652 9751
9752 9653
9753 9654
9754 9655
9656 9755
9657 9756
9658 9757
9659 9758
9660 9759
9760 9661
9761 9662
9762 9663
9664 9763
9665 9764
9666 9765
9667 9766
9668 9767
9768 9669
9769 9670
9770 9671
9672 9771
9673 9772
9674 9773
9675 9774
9676 9775
9776 9677
9777 9678
9778 9679
9680 9779
9681 9780
9682 9781
9683 9782
9684 9783
9784 9685
9785 9686
9786 9687
9688 9787
9689 9788
9690 9789
9691 9790
9692 9791
9792 9693
9793 9694
9794 9695
9696 9795
9697 9796
9698 9797
9699 9700 9798
9700
9800 9701
9801 9702
9802 9703
9704 9803
9705 9804
9706 9805
9707 9806
9708 9807
9808 9709
9809 9710
9810 9711
9712 9811
9713 9812
9714 9813
9715 9814
9716 9815
9816 9717
9817 9718
9818 9719
9720 9819
9721 9820
9722 9821
9723 9822
9724 9823
9824 9725
9825 9726
9826 9727
9728 9827
9729 9828
9730 9829
9731 9830
9732 9831
9832 9733
9833 9734
9834 9735
9736 9835
9737 9836
9738 9837
9739 9838
9740 9839
9840 9741
9841 9742
9842 9743
9744 9843
9745 9844
9746 9845
9747 9846
9748 9847
9848 9749
9849 9750
9850 9751
9752 9851
9753 9852
9754 9853
9755 9854
9756 9855
9856 9757
9857 9758
9858 9759
9760 9859
9761 9860
9762 9861
9763 9862
9764 9863
9864 9765
9865 9766
9866 9767
9768 9867
9769 9868
9770 9869
9771 9870
9772 9871
9872 9773
9873 9774
9874 9775
9776 9875
9777 9876
9778 9877
9779 9878
9780 9879
9880 9781
9881 9782
9882 9783
9784 9883
9785 9884
9786 9885
9787 9886
9788 9887
9888 9789
9889 9790
9890 9791
9792 9891
9793 9892
9794 9893
9795 9894
9796 9895
9896 9797
9897 9798
9800 9898 9799
0 9800
9801 1 9900
2 9802 9901
9803 3 9902
9903 4 9804
9904 9805 5
9806 9905 6
9906 9807 7
8 9808 9907
9809 9 9908
10 9810 9909
9811 11 9910
9911 12 9812
9912 9813 13
9814 9913 14
9914 9815 15
16 9816 9915
9817 17 9916
18 9818 9917
9819 19 9918
9919 20 9820
9920 9821 21
9822 9921 22
9922 9823 23
24 9923 9824
25 9924 9825
26 9925 9826
9827 27 9926
9828 28 9927
9928 9829 29
9929 9830 30
9930 9831 31
32 9931 9832
33 9932 9833
34 9933 9834
9835 35 9934
9836 36 9935
9936 9837 37
9937 9838 38
9938 9839 39
40 9939 9840
41 9940 9841
42 9941 9842
9843 43 9942
9844 44 9943
9944 9845 45
9945 9846 46
9946 9847 47
48 9947 9848
49 9948 9849
50 9949 9850
9851 51 9950
9852 52 9951
9952 9853 53
9953 9854 54
9954 9855 55
56 9955 9856
57 9857 9956
58 9957 9858
59 9859 9958
9860 60 9959
9960 61 9861
9961 9862 62
9863 9962 63
64 9963 9864
65 9865 9964
66 9965 9866
67 9867 9966
9868 68 9967
9968 69 9869
9969 9870 70
9871 9970 71
72 9971 9872
73 9873 9972
74 9973 9874
75 9875 9974
9876 76 9975
9976 77 9877
9977 9878 78
9879 9978 79
80 9979 9880
81 9881 9980
82 9981 9882
83 9883 9982
9884 84 9983
9984 85 9885
9985 9886 86
9887 9986 87
88 9987 9888
89 9889 9988
9890 90 9989
91 9891 9990
9892 92 9991
9992 93 9893
9993 9894 94
9895 9994 95
96 9995 9896
97 9897 9996
9898 98 9997
99 9900 9899 9998
