1024















2



4




22
6

3
















10






10 44

52
53


56


59



0
64 5

5

27 68


70
18

18 74

76

17 78
17


82
83
82
85
86 71


23
23
23
92

94 39

96
97
88
88 25 99

100
102
86
70
105 70




110

112
8
8

115


117

121


124
125

127
126


131
9

127 119

32 9 133 33
32 137 136
32 137 130 133
32 138
140
141


35
31
37


28
150 28 118

152
152

155
148


158
160

12

42

43
167

169
170
11


174

175

178
178 179
180
166
182

184 51
48 185


188
187


191
46 47
186 47

196
184
184 185 51 198

200 10
200 196
50

203
203 205



208
54
55
211 52
55

214
40 216
40 50
40 203 206 50 218

13
57
56 220




226
220 223

59 60


233
233
234 21
234 228 236
19 4
15
239 15

0 64 4 20

58 243

58 244


230

63
250 63

253 62
242 245
68 109
256 68
257 66
256 257 66 258
64 66 259
65 66 260
261
65 261 262
66 261 262
264 66 69
257 258 68 69 265
266 265 66 258

264 265 268 69
262 263 264 268 269
269 268 69
256 68 69 109 27
107 27 69
273 69 271
273 274
275 273 106 107
274 275 271
277
263 268 270 271 277 278
67 278 279
72 280 67
72 281 71
70 72 106 278 280 281
106 275 276 277 278 283
72 70
285
104 87 86 71
71 72 285 286 287
72 282 288 71
281 282 67 71
18 76 290 71
73
290 291 67 75 18
292 73 74 75 18
75 293
293 67 5 295
65 67 5 263 279 280
64 65 260 261
0 65 64 5
64 65 298
0 296 299 5
0 295 296 74 75 301
0 292 294 74 302

0 304 303
304 305 292 303
304 306 292
73 307 292
73 18 291 308
304 307 308 309
80 17 310
17 310 311
311
304 313 310 311
0 304 305 313 314
80 313 311
0 4 242 19 313 315 316
19 316 317
316
19 238 319
320 19 316 318 319
320 239 15

80 322 323
323 324
80 324 325
320 322 324 80 316 319
78 79
326 78 79 80 17
312 17 328 79
329 78
329 331 325 326
332 325
16
81 331 332 333
331 334 335
16 82
331 334 16 336 82 83 337
331 83 338 78
77 78
78 339 83 84 340
82 83 84 85
309 76 77 340
328 330 78 340 343 312
344 309 310 343 312
291 76 309 343
340 77
347 84 341 340
291 71 76 77 87 347 348
84 342 87 348 349
85 342 86 87 350
288 104 285 286 287
104 352 103
104 353 86 103
352 353 102 70 103 285
89 354 102 103
100 356 102 88 89
88 99
88 89 357 358
89 90
360 89 90
361 337 82 85 89 90
354 356 362 85 86 89
16 337 362
362 364 23 90 92
364 92 365
364 366 334 16 336
92 93 366
92 93
369 93
369 92 23
371 91
371 91 372 23
97 98 372 23 91
98 360 374 23 90
24 97 98 96
96 97 95
24 98 376 22
97 372 374 377
377 379 94 95
371 372 379 380 94
159 39
382 95 94 39
159 382 39
384 39
96 385 376 39 24 377 95
24 22 7
156
388 387 156 7
387 388 389 6 22 25
99 100 390 22 25
98 99 358 391 22 378
98 358 359 360 392 375 89
100 102
394 101
394 395 100 101
25 100 6 396
396 101 397
388 390 6 397 398
101 398
400 116 398
116
402
403
403 404 110 111
108 110
406 403 405 110
101 400 401 402 403 116 407
406
102 394 395 406 407 409
101 395 407 408 410
409 108 406
409 410 355 102
409 355 412 413
355 70 105 106 412 414
106 412 415
416 106 276
417 107 276
416 417 418 107
273 107 419
416 419 420
416 412 108 421
108 421 422
26 108 423
424 423
425 423
3 420 421 423 426
3 420 427
3 420 428 273 27
27 272 3 109
3 425 426 427 430
109 430 431
424 425 431 432 26
432 433 26 109
434 26
435
434 435 436 109
435 436
435 438 111
439 26 435 111
424 108 110 111 406 440 26

405 111
442 443 405
439 443 438 111
436 437 438 442 443 444 445
442 446
447 109 446 437
448 442 447
448 449
450
450 451
448 450 452 112 113
113 451 452 453
113 114 454
114 451 454 455
456
449 450 451 456 457 442 444
457 458 404 405 444
459
457 459 460
460 403 404 459
460 461 462
461 463
462 463 464 402 403
115
466 402 116
466 115 117 467
464 465 402 467 466
8 464 466 115 469
8 457 456 461 464 114 470
8
8 115
472 8 115 117 120 473
120 474
120 475
120 153 152 117
120 476 477 30
123 476 478 30
475 472 474 123 476 479
472 480 123
472 113 481
481 482 123
123 483
484
482 483 484 485
482 485 486
482 485 487
482 455 8 113 114 472
112 113 482 488
488
256 448 453 488 490 491 109 112
488 491 485
493 485
484 485 494
491 493 494 495
125
496 497 495
497 122
497 122 498 499
484 495 498 500 122
124 125 126
497 499 124 125
496 497 498
504 497 125
129 491 492 496 504 505
129 505 506 125 126
129 126
129 506 492 508
508 509 126 502
509 510
509 511
512 509 188 492

512 513 514
128 514 515
512 514 515 510 511
128 514 516 517 510
128 518 502 510 127
135 519 502 127
135 119
131 132 135 521 127
128 522 132 127
523 131 132 516
128 523 516 524
130
130 131
130 526 527
528 130 526
131 521 522 527 528 529
9 530 134 521
134 119
532 134
134 521 531 532 119
135 532 119
535 135 520 499 503 122
520 502 503 536 124
536 121 122 535
122 123 484 501
123 121 122 539 479
121 540 30 479
532 535 121 538 541
532 533 542
118 151
118 30 151 541 542
153 545 150 151
544 28 151
146 547 28
28 149 548
544 33 118
146 547 548 31
544 547 551
550 33 118
545 553 118 542 543
545 554 118
134 9 531 533 543
544 33 552 550
33 9 137 553 554 556 543
136 33 137 138
32 513 130 131 515 516 139 140 141 524 527
130 133 9 139 529 530 531
138 140 141 142
136 33 559
563
33 563 564 557
551 145 563 564 31
551 552 557 564 565 566
144 143
136 563 144
144 569 563 566
34 136 138 142 144 562 569
144 571 34 568
513 34 141 142 560 571 188
177 143
34 177 188 573 574
34 143 572 574 575
568 576 572 143
568 143
578 175 143 177 574
145 35 147 37
578 579 35 175 145
146 580
580 582 145 146 566 31
578 581 144 145 566 568 570
146 582
549 149
586 548 549
548 585 586 587 146
585 586 588
585 589 582
590 147 580 582

592 590 591
160 593 592
160 594 592 158
595 158
596 158
592 595 596
148 157 596
596 598 599
600 589 598
589 590 592 593 598 601
601 586 589 149
549 148 149 150 28
148 149 599 600 601 603 604
154 148 150 604
152 154 606
546 150 152 153 154 606
545 546 30 153 477 478
152 477 117
610 467 468 117
155 606 607
612 148 157 606
612 613
613 614 596 597 599 157
155 612 614
616 614
155 612
618 155 29
610 612 618 619 152 29 607
610 611 620 467 29
388 621 398 399 401 467 116 29
388 29 622
388 619 623 155 156 29
156 389 7
625 155 156 7
616 617 626 155
626 387 7
628
626 627 628 629
629 38
617 627 614
614 627 629 630 631 632
614 38 615 597 631 633
634 158 597 38
225 629 38 631
384 225 636
384 628 629 636 637
384 385 386 387 628 24 638
382 383 94 159
640 159
384 641 637 159
225 641 637 642
224 643
224 225 643 644
12 645
12 646
224 645 646
224 1 644 648
1 649
1 650
41
648 649 650 651 652
41 652 653
41 653 654
41 221
221 656 13
221 13
41 652 653 656 221
647 12 658 659 221
659 660 647
648 659 653 661
646 647 648 661 662
162 12 646
163 12
660 658 163 12
665 163
658 163 666
668 163 164 667
164
667 164 669 670
671 43 45 167
672 43 665 667 671
673 167 168 169 43 665
168 169 170 674
162 674 169 12 664 665
170 169 162 676
170 171 677
664 162
664 646 679
680 646
225 38 680 635 636 158
225 645 646 680 681 682
160 161 162 679 680 682 158
161 162 677 678 684
160 161 678 171 685
160 171 686 591 593 594
36 37
37 687 688 591 147
689
675 168 170 171 687 689 690
168 688 689 690 691
168 692 172 167
36 172 688 692 693
694 174
694 695
36 174 175 694 695
35 36 37 580 688 697
35 581 175 697 698
176
700 174 175
700 701 175
177 702 175
176 700 702 703
176 177 704 703
176 700
706 700 701
176 177 706 705
707 701 174 695
696 709 695
696 710
709 173 710 711
712 173
706 707 709 712 173
713 173
714 715 173
714 706 716 708
177 708 188 575
708 717 718
717 719
720
715 721 179 180 181
715 716 717 720 721 722
180 181 182 183
724 181 694 183
713 715 722 725 181
711 725 726 694 696
712 727 711
712 713 726 727 728
672 167 172 45 693
730 11 172
11 172 694
732 725 694 183
11 732 733 183
730 731 45
166 735
736 45 735
736 737 201 10 51 185
51 197 198 199
184 198 199
184 185
185 186 741
185 186
736 738 166 743 185
744 186 166 743
736 166 11 182 183 731 734 735
745 724 182 166
745 747 178 724 180
720 721 722 179
745 748 48 178 179 186
720 179 749 750
189 750 751
718 719 720 751 752 188 189
187 191
752 188 189 190
187 190 755
750 48 752 754 755 756 187
48 757
195 47 48 758 186
193 194 47 754 757 758 191
760 193 194
193 754 761 187 190 191
192 761 762
192 762 763
762 755 764 190
192 764 755 188 765
192 766
192 761 763 767
768 761 194
768 769 766 767
769 194 770 46
49 770 46
770 771 772 46
194 195 772 46 47 49
49 741 742
195 742 774 775 49 186
760 759 758 47
739 196 197 198
778 198
741 198 775 779 184
49 780 775
779 780 781
770 772 781 782 49
779 782 783

784 785
785 786
784 786 787 207
787
204 205 206
206 785 787 789 790
785 202 196
792 785 196
778 779 196
196 779 784 785 786 793 794
200 201 670
739 196 197 200 201 10 202 44 51
200 202 796
164 165 798 796 670
737 738 201 796 670
672 737 800 45 670 671
164 165 799
802 164 13 658 668 669
42 165 798 799
204 798
202 204 805 798
806 202 204 785 790 791 792
42
808 204 805
804 805 808 809 42 798
808 42
657 13
802 803 165 42 811 812 13

657 814
657 812 814 815
816 811 812 813
40 816 814
40 811 816 817 818 218
14
208 219 206
203 811 50 819 218
808 811 203 205 822
809 204 205 790
808 809 205 823 824
208 210 788 207
789 206 791
207 787 788 789 827
206 207 208 821 826 827 828
770 783 784 210 788 826
14 208 210 820 821 219
209 830
217 820 14
832 14 209 210 830 831
833 40 820 219 831
40 217 835 833
216 217 833
833 837 14
838
838 839
834 838 840 14 209
840 841 839
832 209 842 841
842
832 843 211 213 830
842 843 844 845 211 54
846 844 54
212 53 54 847
211 52 213 53 54
215
848 212 53 215
851 212 215
844 847 848 212 55
839 842 844 853 214 55
837 838 839 214 854 216
212 852 215

857
857 858 231
231 215 856 858 859 60
850 60 860 215
230
862
863 231
862 863
864 865 863
864 866 231
40 217 216
857 868
867 868 869 231 857 859
868 869 214 55 216
869 871 212 55 857 858
872 212 856 858 860
868 870
874
868 40 874 814 818
874 875 876
875 876 877 814
878 814
222 879
656 41 880 655
814 879 656 657 815 880 881
880 222 879
878 883 222 879
884 56 57 222 223

57 886 222
57 886 887
880 222 887
889 655
655 880 881 889 890
889 890 887
651 653 655 890 892
651 892 893
1 651 894
1 94 895
640 1 641 643 644 896 649 94
896 381 94 895
898 895
899 895
900
901 886
900 901 902 886 887 892 894 895
888 226 902 886
904 226
900 901 902 904 905
905
899 900 905 906 907
898 899 369 370 371 381
81 227
368 370 93
366 367 336 81 335 368 910 911
912 907 910 911
899 907 908 909 911 913 370
226 228 237

916
916 229 917
226 918 229 917
226 229 904 919 223
904 888 920 56 57 223
865 866 867 229 870 874 220
865 229 916 918 922
874 875 878 884 885 922 220 223
916 917
865 923 916 925
865 926 925 862

928
928 249 929 230
249 930 929
233 234 929 931
931 932
233 235 932
928 929 234 932
928 234 237 935
928 237 936
937
928 937 938 917 925 927
226 937 938 939 237 915 917 919
237 227 228 236
226 227 228 905 907 941 910 913
227 236 21 941
227 910 943 81 21
81 333 335
323 325 333 944 81 945
2 323 944 946 21
2 947 15
947 236 21
233 234 235 236 949
232 235 934
949 950
952 2 947 949
952 241 2 953
2 15 240 241 20 954
322 323 324 15 947 948
240 322 320 239
240 320 955 957
320 238 20 955 958
4 20 238 959
960 242 4 20
241 242 20
241 962 955 20
962 242
964
962 964 965 241 952 954
232 965
965 966 967 950 952
967 968 235 950 951
932 933 934 232 951
933 232 970 244 58
232 969 967 951
964 965 967 232 971 243 244
243 244 246
242 243 964 973
245
58 971 933
974 975 976 242 243 245 246 255
976 977 978 245 246 58
979
979 980 245 255
980
980
248 980 983
977 979 980 983 984
248 984 247
933 977 247 984 985 986
248 986 247
931 933 247 249 987 988
249 988 989
928 930 230 939 862 927
249 863 230 862
864 249 992 863
864 993 59 231
993 994 249 59 990
59 60
996 982
997 980 982 984 248 988
995 996 997 998 59 988 990
252 61
61
996 997 1000 1001 61
1001 1002 60 996
1001 1003 60 861
1001 850 1004 861
1001 1005 850 851 52 53 215 61
52 213
52 61 1006 1007
1000 1007 1008 252 61 63
1007 1009 251 63
1010 251 213 1007
250 252 62 254
845 1011 213 251 63 830 255
250 252 1013 63
1000 1002 997 982
1000 982 1015
1016 980 981 982
1000 1012 1016 252 253 254
1016 1017 981 255
1016 1018 1019 253 254
1020 62 254
1019 1020 1021 62 255
1012 1013 1014 1022 250 62 255
